Eigvals	61
0.669321880396127	0.580870602871739	0.39492006427026255	0.2749669942341849	0.2266914833874819	0.19139729365684563	0.16608508332026856	0.16039624742852726	0.13650886888160252	0.11850894657361984	0.115408109913637	0.10432111296750556	0.09853341091518777	0.08452787234549994	0.08350906718187422	0.07426607820288923	0.07367774165494191	0.06864600460064171	0.06619179901722737	0.06171121951026569	0.05750354901664596	0.05617441802724385	0.05512849144179449	0.05163334773740836	0.04891053603160971	0.04589862359623472	0.04440531492871909	0.04264657685214238	0.04033468668551592	0.039443025204589116	0.035631207812042875	0.03448714528709418	0.031002502598099432	0.02940665245919081	0.02770157867394579	0.026969369997000094	0.025083078887175748	0.02369406441729886	0.022467930440198396	0.020735055610637057	0.0204086890350979	0.018809468057893675	0.01651297690741346	0.015439571177072542	0.014162979263328762	0.01250293352973509	0.011664095617442721	0.010674764065252368	0.009891911284437983	0.007348234388431102	0.007028998111543141	0.004114463760345109	0.0032911043221418375	0.0023727702573218858	0.00039678341044023735	0.0	0.0	0.0	0.0	0.0	0.0

Proportion explained	61
0.14349776011760318	0.12453444728405545	0.08466799952026563	0.0589509306875242	0.04860101104806007	0.041034192571253965	0.03560743813021467	0.03438779294595987	0.029266512113879036	0.025407459228953596	0.02474266232296459	0.022365690532861172	0.021124849160330327	0.018122163198829325	0.017903738755734748	0.015922108908984392	0.015795973817187007	0.01471720586122911	0.014191041971473039	0.013230438199043973	0.01232834414111475	0.012043388090119945	0.011819149010754112	0.011069815532261341	0.010486064436640716	0.009840332239912179	0.009520177684639199	0.009143116987814325	0.008647464491959165	0.008456298732936891	0.00763907271085618	0.007393793997320823	0.006646711860419833	0.006304573156869274	0.005939017695163618	0.005782037461649966	0.005377630318961989	0.005079835683770459	0.004816961445722431	0.0044454456416087845	0.004375475013217845	0.00403261362636751	0.0035402625679667667	0.0033101321590965817	0.0030364401051358476	0.002680538331354759	0.0025006975625987134	0.0022885920481801997	0.0021207540858500036	0.0015754081951346744	0.0015069662510963386	0.0008821112098489086	0.0007055889137543414	0.0005087047460600689	8.506748743414774e-05	0.0	0.0	0.0	0.0	0.0	0.0

Species	0	0

Site	61	61
MMS930	-0.08489212750595672	0.1223360606512528	-0.0942187695445139	0.051913938383807014	0.002344441980866861	-0.039007394659866065	0.010504766978526888	-0.0028443276359033484	0.0012259089122559923	-0.03191210368698653	0.0004323699371897962	-0.01968933067586349	0.018595943908996	-0.022774136970220307	0.06592353143666144	-0.008120330982937681	-0.03989084636075856	0.009789637883641622	0.026708475721949978	0.04103378619241939	-0.03175760269142884	-0.012501550349849155	-0.01366587754184589	0.019162573443624212	0.07609274103696202	-0.0038737890897482443	-0.01213105269436353	-0.004451629693600394	-0.014395646105744186	-0.0324929624629691	0.005740443379016737	0.040066728229325325	0.008265699183044834	-0.004130351125236472	-0.007949638459773053	-0.00758232467143777	-0.03620803834710409	-0.019084090251157006	0.04739154246090983	0.008731204415839858	0.021220847826307777	0.02960012415623178	-0.01216944359608299	-0.013274341216068974	-0.004072581453085297	-0.011908885280573272	-0.0027055826678109973	-0.010515285784169007	0.012336179531091366	0.000282092730556836	0.007361995493636783	0.010861170656239327	-0.011569959647829444	-0.004927558630663259	-0.003784498858507311	0.0	0.0	0.0	0.0	0.0	0.0
MMS925	0.0554924169645763	0.07351362457850356	0.08333573491918939	-0.044916568656007	-0.011949456586301645	-0.0077010354409151735	0.026646059223911795	0.030491215427794635	0.02869969612764038	0.04939947413371142	5.107742543705605e-05	-0.05015047296796592	-0.03646014371777558	-0.013100260176310987	-0.07703727091480596	-0.0013574310717600498	0.04650031140641451	-0.05533023579365723	-0.03543836444024306	-0.006452289544598085	0.06708369412270096	-0.01585480182462496	-0.03516673854201392	0.024413050855941035	0.023381236215504954	0.03801761326922597	-0.015281075575563746	0.007859067919783701	0.010371375206017386	-0.0004851838618927397	-0.039563003953989456	0.023127229640346445	-0.019564048645363343	0.023232565610531917	0.014644492590694603	0.026803989196380055	0.013684417279447853	-0.020563797216725063	-0.007276492946566033	0.007562440868728233	0.026008530760083668	0.019747522991537345	-0.022531218865109483	0.014742056174980141	-0.014747919890027246	0.009828018789517843	0.0006809237690097839	-0.0013387729603549722	-0.00020353410121673034	-0.007067029946220465	-0.028773494590521614	0.005305262511950538	-0.0025784970774951777	0.003173814490541741	-0.005563633180941455	0.0	0.0	0.0	0.0	0.0	0.0
MMS911	-0.1362784895246766	-0.14694294090393467	0.03524954914613525	-0.036579507742358665	-0.023103251749603298	-0.05947194239748375	0.005705552258950613	0.00966570429854799	-0.000530758920438715	0.033692267381342775	0.02253986152716501	-0.0020414965561816024	-0.03068874814844875	0.022120267207166578	-0.027869898401087483	-0.013458009125174688	-0.03161937392843155	0.010257906053523358	0.05519858630109063	-0.04092567151065405	0.07089663665012993	-0.03746673023925813	0.0474070346445243	0.01980377539815206	0.0005845885962263251	-0.05038820956480441	0.011938212968395924	0.00357331604010822	-0.01924557018785688	-0.03568023436781724	0.006104723700517126	0.016322719426771822	0.0005108699552387978	0.0008094120405402157	0.055027889329688405	-0.015938949016417195	-0.020147334002815872	0.041820690318844236	-0.004388379796325082	0.0063541168047806	0.010482964691901249	0.027413411895002304	0.0070917948769814755	-0.00719818923480674	-0.018530223073710005	0.011993750716631781	-0.00910983921730907	0.000296671290128218	0.0015893924050710364	0.025463205700548414	0.011083245798067114	-0.001072412509427988	-0.00022992863518495038	0.004809081003801666	-0.0015428560478530178	0.0	0.0	0.0	0.0	0.0	0.0
MMS920	0.045265388999146595	0.030645919697716174	0.052035195442436635	0.020909596749017136	-0.11086952336569127	-0.05262292396686112	-0.011567378897949015	-0.0489944050906695	-0.06797723526204846	-0.01262872216412779	0.07685096936532276	-0.009744375143658003	-0.016560494147801363	0.00952998220143978	0.001165371162296294	0.024128886278660125	-0.01574001219800532	-0.007983283857311401	-0.09638042322940894	0.028706134069704365	0.004506433369004375	-0.00954516538192496	-0.0014665639164714807	0.0026053978786263125	0.033098597349377944	0.003964717588319144	0.07130597209162828	0.003361434522880231	-0.008474833203823777	0.004225299193437152	0.003248910063781787	0.024452637396909758	0.01243700569808798	0.02961363775230675	0.02386520673780507	-0.008110281611940837	-0.022281935579398792	0.009229142959395921	-0.003830014203582347	-0.03138676534305025	-0.01766454522319325	-0.04437985019141199	-0.03092538308541589	0.005316662004566519	-0.009218484056991737	0.009323295729551378	0.002397259400602117	0.0019686960018885295	0.017115770012659043	0.009000811974225344	0.01061063689356163	-0.0023422642369795073	0.00028340236705701974	0.00625463753925465	0.002439137024724838	0.0	0.0	0.0	0.0	0.0	0.0
MM933M	0.18245515206958543	-0.06069101422388019	-0.2078874390205821	-0.10302760800153965	0.01738517777924036	0.12800929291305846	0.08881341187852779	-0.02606096730697685	0.016356209642424867	0.17909497914583375	0.07310616102035535	-0.002475149968710154	-0.08095970815513247	-0.007477558275435787	-0.02728088667422944	0.01378701421732391	0.021373875850141555	-0.005323012272810867	0.006657792839305678	0.025996062056197172	-0.04574666545510899	0.012184362093286386	-0.010534864417144773	0.008994671175548672	0.0026638447002601665	-0.034493270159398993	0.017911161723478102	0.005581172264951007	-0.03127635358967151	0.01412329844823132	0.006094103700307573	-0.0011982447687175124	-0.011524280047076623	0.015311038954426478	-0.0008549532466778269	0.012450067514623603	-0.013971909774385225	0.005875145629339359	0.009399709261743142	0.0010171639164534001	-0.012653463036063213	0.009439543660856503	0.0031139518020084443	-0.003759167885216532	0.01100215148538637	0.005217660693916271	-0.002819266006676542	0.002316936464179233	0.00058481207846974	-0.007779153861269064	0.00950877843968844	0.006030249011379248	-0.0036097187046763663	5.0492531632827256e-05	3.300271761323899e-05	0.0	0.0	0.0	0.0	0.0	0.0
MMS922	0.05197399496133963	0.07476649362024831	0.07106788833826022	0.003122669175955005	-0.034113239351663764	-0.03306542337656994	-0.0042626639617513356	-0.04419262579860534	-0.0025160049494760786	0.087243341965875	-0.007947311443193944	-0.05454052981581844	0.02253374540981407	-0.06001774342066666	0.00895622618170673	0.011353650621070443	-0.04551772531274488	0.005450718096500481	0.03076425747752461	-0.016828146253710482	-0.03658302331040613	-0.018296913438810212	-0.04648333604481545	-0.015408736892772718	-0.0038835777430680164	-0.008121936042476286	-0.03522092637759957	-0.053782505732307376	0.04055331784579051	0.01335577398171587	0.0027813993196315976	0.0219148534094051	0.024398633536970384	0.04265151726515138	-0.012402814355815795	0.02309285001095414	0.0006524593999825924	0.002175679891914313	-0.026614430739097278	0.010547405866290379	0.027318489876922685	-0.006883136961390201	-0.0149148064135546	-0.022980358251356685	0.01608905476752943	-0.015713993883526813	0.006653488885651822	-0.0007174040387892046	-0.019343193047818383	0.026587776718130396	0.005257819163062865	-0.016720441287548474	-0.003831911462995944	-0.0019417962964515337	0.0014380337774494208	0.0	0.0	0.0	0.0	0.0	0.0
MMS910	-0.188662463583248	-0.13661043838791276	-0.053169372562112516	-0.08214004792838114	-0.0030004381812071064	-0.07792361803739124	0.0185716912069325	0.030091582514084822	-0.017997570875352205	-0.006279110844215609	0.02348256184061241	-0.030350974846720908	-0.036676732566568365	-0.03886020183231523	0.035010601991782846	-0.012368465000216964	0.0506054660322106	-0.011480061890777112	0.006159586923540542	0.020354032998728098	0.00857175570780736	-0.0023306292736372104	0.006000513570145827	0.03811891335026589	-0.019230550645891752	0.05097667416679149	0.005171192498398637	0.051532509686940044	0.03615496861182608	0.020814045620896837	0.03393120621984383	0.008865507492226643	-0.020451526852600186	-0.0033881632248741935	-0.04091933789697454	0.004898054389338413	0.023334736217534225	0.019645562667713043	0.0026761043578309735	-0.009764594355233162	-0.004063608644025042	0.03158447225604896	0.004400808776657033	-0.02372339486895353	0.0014867336819986308	0.005603109891327032	0.018577975106389248	-0.012607559035854516	0.019094129708963275	0.009579266200432245	-2.440044133924084e-06	0.0014492788522346685	-0.002558381274475084	-0.00602880555526455	0.0036348597219017557	0.0	0.0	0.0	0.0	0.0	0.0
MMS923	0.05435962867906977	0.026804666506438854	0.08683230399253654	0.010428181660178249	-0.014775739655254643	-0.02262766551109161	-0.04472338473771515	-0.019111541351053522	-0.05974761125124484	0.03514118922514064	0.07991338333299908	-0.06424146463222079	0.027548880158253887	-0.030161662643008683	0.051358291840233106	-0.024122791992975637	0.0016108335109944205	-0.011446372001647482	-0.021519613482802086	0.02683574639153912	0.0508487312402423	-0.0064905844989712955	0.0035055617247486998	-0.012846437129132452	-0.0037906833475367645	-0.0015229525204590085	-0.06435435211586224	0.01802750929078234	0.01000372964873015	0.010893891814605353	0.045690441408927064	-0.034996363626068526	-0.020963903715195912	-0.04235011783500642	-0.0006014560233496105	0.028916730790855532	-0.006043414912697902	0.003575437890533456	-0.019087404002204718	-0.013569576474174809	5.686198439495816e-06	-0.027029638620582788	0.006887381845690879	0.013383503890441977	0.003422395926557501	-0.0038790397364660465	-0.001512703687317393	0.017506611361719483	-0.007007900407838783	0.000721898702970536	0.007326466115498566	0.019892174905367356	-0.008931754794984174	-0.0018336789811712248	-0.0007144568920473855	0.0	0.0	0.0	0.0	0.0	0.0
MMS715	-0.10852997108690912	-0.1694388385893593	0.0534679341633223	0.014656491682221953	-0.012118373594988923	0.1318904615995674	-0.009711104625780339	-0.08135146194790233	-0.024837446555781236	-0.032331780756428945	0.04694583616352485	-0.02679409955749053	0.03252123753345421	-0.04070878089493499	0.02988359946292133	-0.0024260817933213883	0.0005643458305756145	-0.0009032925862969619	0.03751815744914844	-0.017413544099662774	-0.028050114853352685	-0.038781577397247226	0.03604582339264222	-0.0523966593112362	0.05216295134251629	-0.01689104577805349	0.007554173026826928	-0.030053985648842946	0.03683128934885519	-0.019426390562590656	-0.04560345584972003	-0.03362987127097649	-0.017331304969380158	0.012491284424721373	0.011182041603573549	0.021955665537624257	0.023051763496053226	-0.004763873627659475	0.009761980679762482	-0.0073984227014233595	-0.029839402742330195	0.0185306943414717	0.004188664521097771	-0.006871331022187206	-0.030902244892017375	-0.003981742300435662	0.0035679361082649455	0.01914816334961805	0.0016917204569041773	-0.008520269731291304	-0.014270685536785989	-1.2007798304964753e-05	-0.0037440315726724326	0.004370219563450959	0.0015167882123880026	0.0	0.0	0.0	0.0	0.0	0.0
MMS714	0.0014974875288008564	-0.09517905164917463	0.06759564449982215	0.09050658403195032	-0.12604570448551136	0.004556883618628474	0.05872444790055252	0.033973730262729616	0.007320372927418804	0.05666073716245721	-0.006215387784279374	0.03904283880822818	-0.015676495074265405	0.03860151302372965	0.01737524124637861	0.0529465978542701	-0.013828296764589921	-0.04096159962518102	0.054754333795749885	0.010476386785869594	0.0014437297962770917	-0.042394066056630424	-0.051743508290472986	0.014610391406862874	-0.024263869743204415	-0.03682546011359498	0.003173541823537299	0.06337954958384452	0.021548014070358126	-0.04307920459718743	-0.009742070780912769	-0.022495809975151285	0.023713201536156473	-0.004943555166471752	-0.024354768665322785	-0.014085416617389743	0.015075296514003187	-0.027994832835972507	0.009148164070286872	-0.0015574510227387853	-0.007373714318652385	-0.017427471706829088	0.014813119033770791	0.02597855834709469	-0.0038364312315646177	-0.024305146279138285	0.010305391431850785	-0.0026881775316549123	0.003987579141223613	-5.487705707197225e-05	-0.0003624050904327272	0.0018725382222278056	-0.006649776446809575	0.0029784063874174482	0.0008547850238532244	0.0	0.0	0.0	0.0	0.0	0.0
MMS717	-0.013437212937121207	0.08161606010527944	0.003051868896900882	0.0696101469058753	-0.025628089077613648	-0.011997464378596502	-0.011432782707105644	0.015137415751436605	-0.046121108147154005	-0.02303247448821713	-0.009640578221612989	-0.0116290877791091	-0.041111489022038025	0.038371933190266126	-0.009747599918046869	-0.023970835322472232	0.028344583817164377	-0.04071224709789499	0.05598309126587322	-0.03864618057346415	0.04281620499428823	-0.018782031150430447	0.006199474066404997	0.017200525909071226	-0.01865930481025242	-0.023053076720602257	-0.0012908684777305206	-0.02056324954121318	0.006585713011716312	0.05393876839618338	-0.03193992796272912	0.015861529959107445	-0.01035068484295322	0.012258870833082488	-0.0459649974604718	-0.020485659587073598	0.01952152697452155	0.015082929112322474	0.028766888756205655	0.0051585593554116654	-0.018189329327770332	-0.015076213752187397	-0.029942506437761668	-0.01614556686978242	0.025456441077502355	-0.016613787241230693	-0.020627504046651108	0.026233896957539492	0.026024252018347235	-0.002958874506128027	0.0014543195800579465	-0.003388104208305191	0.0017600402831372194	0.0035022462307679114	-0.001041942410637827	0.0	0.0	0.0	0.0	0.0	0.0
MMS716	-0.07090427966767089	-0.012032733880704603	0.03728275855141071	0.006821668694700788	0.011528102461803757	0.017283822420128863	-0.07621502253646652	-0.07128912255230693	0.018200614679366765	-0.019721165598447107	0.06036126161391687	-0.0019775026600916353	-0.019054009729240876	-0.00031446663825635685	-0.007049138294855836	0.071748075810664	0.039658825927532615	-0.02049087772564791	-0.06112660552610463	-0.00670812884820087	-0.016629022259664186	0.05010453749436177	0.02869605226798111	0.052172659376828565	-0.014452383651816851	-0.007609355555872563	-0.01745649102176671	-0.004987502369289548	-0.015195473860603796	-0.01172183087394818	-0.03031769071248106	0.011036636509865142	-0.0275334423638282	-0.032932379158920756	-0.02543068379903839	-0.008512575990309048	-0.01650781858117231	-0.004362410310363123	0.020897602269971186	0.047877783063343365	0.010635030775356758	-0.017049384040503678	0.0030113796222448804	-0.021746873857859873	-0.02233116601735672	-0.010858215474425106	-0.01117541463238416	0.0013909597345770621	-0.01986347549559193	0.01326147481401167	-0.007286586707218607	0.0008445294320161258	-0.008115369422851461	0.002723170928421829	0.0018328253042922862	0.0	0.0	0.0	0.0	0.0	0.0
MMS711	0.1013351333732469	0.04555158579478896	0.08650336041141315	-0.07791837182698139	-0.049364483691367714	-0.026780272689292672	0.0158888239536765	0.005456538271736126	0.02919199116593384	-0.051679031903585894	-0.009539621600040215	-0.0018728080964124114	-0.021749010561763153	-0.014799080991889505	0.02486242713913094	0.02627800949653789	0.060015300883357554	-0.03281866381706923	0.022523873398965378	-0.018002422016542896	0.01267529690354582	-0.021935025394901116	0.00744276953742572	-0.054994891499535785	0.04483481157841647	-0.0019392730030542236	-0.0013160558768050999	-0.006693828550901044	-0.04371607671871284	0.010191743583289808	0.04020686122059596	0.008181391030678766	0.004279646471463362	0.0014699960400508653	-0.009141637061677078	-0.013687846594003438	-0.048776539695738974	0.004584626320184882	0.01320663977758712	0.021607450143770527	-0.006708903467162856	0.01803779861367588	4.512992994326357e-05	0.028758097170425614	0.014987240306174746	-0.0036494159282013843	0.01859478024563923	0.0358793735190422	-0.013302713952388637	-0.005123868197694794	-0.001964462239281436	-0.0015844720928748918	0.01057648950957171	-0.00993535558866967	0.00015042855794478242	0.0	0.0	0.0	0.0	0.0	0.0
MMS710	0.08354742430177037	0.03791416786223815	0.055271743431009365	-0.03314205238698719	-0.0456177866523961	0.06170069255803472	-0.04899657409805677	-0.0944227765938551	-0.014046353712217446	-0.0062480081116087225	-0.019449407946601837	0.020795288572894557	0.024296604628811978	-0.04362018550313184	0.03478779660244149	0.02275964784004093	0.005071063242520403	0.08716204075701231	0.05100422548583552	-0.013776486584396496	-0.002650963357746394	-0.05803057008881426	-0.02691228551399179	0.04725578495991763	-0.016574772216059276	0.04950630143765067	-0.010356998965394795	0.025664763258759254	-0.04877645716317689	0.018283772964325935	0.010635465920666297	-0.007032454947082932	0.016200404565046147	0.008296256444406796	-0.027286797056298925	-0.013415720722929108	-0.006436181233969705	0.0409733424736107	-0.01252419050820313	-0.007629226353596576	-0.015565307871393345	-0.00806002064390183	0.00472995473074943	-0.005273595808634485	-0.00643330940035475	0.023186184170675986	-0.0013118133479778204	-0.0037292280554427717	-0.0007050971669276854	-0.0017883241491514807	-0.013895379811469575	0.0020119023985851097	-0.004277736093110393	0.006022964254865359	-0.0037576050261911706	0.0	0.0	0.0	0.0	0.0	0.0
MMS713	0.06664640795855072	0.020382031660477678	0.09195115623833164	-0.016818684276380932	-0.08658155081327648	0.03160392901604151	-0.013531154311343828	0.0075527867319450225	0.13173829858106118	-0.015038247524560754	0.007955608969432058	0.04776518057404678	0.025257160857376868	0.05456242225508723	0.02659436933838816	-0.06867966338309339	0.02256708889650834	-0.0030994346871913102	-0.014008965780283376	0.009697897999940933	-0.016854632735898333	0.001529809914074222	0.021426074499316754	0.0741317315049097	0.020262150344336104	-0.008115282879709532	0.018060759724674556	0.0030550759979647586	-0.003413375328379173	0.029852924273828792	-0.0013334143242041986	-0.011087527648403673	0.0031833946956518117	-0.021920008524765645	-0.0046102961783044604	-0.0013416264380055364	-0.004418512947505344	-0.016540936860252646	-0.01610902209011028	-0.023747438085639123	-0.00012341735081278368	0.012892233186657493	0.00423481555636096	0.00029148652820531746	-0.0032174474910852927	0.0018559075924864921	-0.003945546845897176	0.00700848868592827	-0.016447919049111862	-0.006728804847051186	0.008981991308080927	-0.02620948642813807	-0.01606650642204631	-0.0011451918032051838	-0.0025618077170451088	0.0	0.0	0.0	0.0	0.0	0.0
MMS712	-0.18956060428917443	-0.15475852668716542	-0.03577013855353909	-0.12511832273808382	-0.047572085868822556	-0.0648457737858799	-0.025796778964671946	0.040061311518496026	0.026478019448469368	0.04271815852130687	-0.030395959980803893	0.04945330234761733	-0.004730679196138581	-0.04617974673892962	0.017154048386870225	-0.05233347712235945	-0.03040301666592135	-0.04124442711613446	-0.016188659414345462	0.029299767390481866	-0.018004675863288213	0.009812672490999775	0.05743693343749699	-0.020162663996088036	-0.009066680287628867	-0.010609630220151264	-0.030391904897993396	0.015724080890087023	-0.030880857823817387	0.016058476641111194	-0.032245579824937025	-0.013083657610476921	0.023351948241757008	0.0017288249086137538	-0.00016377530991090313	-7.834150492623277e-05	-0.0017290242980433769	-0.0017457140381203764	0.0028381907374095687	-0.010169740929227013	0.010039993592046157	-0.01968693107956419	-0.030614261689509564	0.0034782424251516087	-0.0024989004339546926	-0.010805327682548228	0.00498906650934305	0.009053373776087413	-0.0005760281579509325	-0.004555956948758285	-0.005331657393193791	-0.002681632720206731	-0.003916555588650224	-0.008595753878522594	0.0026536372819421076	0.0	0.0	0.0	0.0	0.0	0.0
MMS944	-0.03963082309289341	0.09969075468898245	-0.06729800475464796	0.06299454420537817	-0.02661733264325278	-0.005980274481412541	-0.01978366388225873	0.000627507463593567	-0.06595098149482388	-0.019622359866254036	0.017335057116493958	-0.01740360023654335	0.01820001032121313	0.011832798167763798	-0.03602094325189803	0.00595677758505312	-0.04395758315271018	0.014197714258781826	-0.019343782148661726	0.08703884818314259	-0.0042695780323872105	-0.0031018706398372848	0.026268102024140236	0.012889645962204058	-0.002101584882444639	-0.07622543837927157	0.0016267332910834527	-0.015565626759077007	-0.03452353714970981	-0.007680883222464062	0.03094376002266326	-0.0028953218943672293	-0.02575840607193018	0.002368420852153062	-0.01710112030227366	-0.01008614478599916	0.05999946543103779	-0.011288260914667753	-0.009855328780805533	0.0017106364135158047	-0.01562234510686333	0.018803306495540927	-0.007911708201286926	0.0053054054679008535	0.009348585324046631	0.02422169288522864	0.022437024157557467	0.004403276733282908	-0.007536030238090701	0.010250514607676328	-0.021302575569599424	-0.009476850543739613	0.004135054069523514	-0.0082565130461246	-0.0030665203645398463	0.0	0.0	0.0	0.0	0.0	0.0
MMS921	0.06251876165481472	0.026706242806465136	0.08227815916517058	-0.03065458094901076	-0.12070413960041675	0.01858998674727557	-0.055630831385353505	-0.042199117204500786	-0.00684542094908058	0.019514546252932457	0.021786024060374855	-0.07901773600080651	-0.04170129109346985	-0.02352731579644441	-0.014816948230339338	-0.007366275145649404	-0.04732288695435437	0.03168598400169196	-0.06422026345471342	-0.002989820934659636	-0.010353764988279533	-0.005048436352395381	0.014693808817556919	-0.018481406429585612	-0.014737948024011864	0.02731858631033922	-0.0011964040898623102	-0.006959121304059023	0.03471914998414265	0.019012006975493583	-0.03832498204470276	-0.03139643772966747	0.018088942553526437	-0.027113812258740128	-0.0016656929925169897	-0.025644506459596372	0.007841547262142114	-0.0024316584784189583	0.046128122922937435	-0.008649010818309563	0.0051257665897112645	0.04092140747244825	0.021244903817009494	0.015745728776417736	0.021632717820751095	0.0024033361171700955	-0.012392982473884213	-0.016537253583674527	0.008597054614233709	-0.004018966002811013	0.015352756834474375	-0.004807365788887501	0.012005136518068817	-0.0032955396566702387	-0.0016181898176837474	0.0	0.0	0.0	0.0	0.0	0.0
MMS942	-0.08519777139756414	0.11046313834304965	-0.07429386277832045	-0.020320137470872236	0.029522771013141914	0.029279188966889722	0.09656944796043726	-0.020178663765644474	-0.06831235959735076	0.013089887919097055	0.01975878176453435	-0.015255018184813852	-0.006758559585979696	0.029568284457663394	0.060942736086301776	-0.056403888361221094	0.05583912724735941	-0.01606284329171189	-0.053078002345794385	-0.06517995756600285	-0.010023892176903342	-0.026930050815540646	0.020621285924412425	-0.0013720005067025596	-0.06751622572704093	0.02783637977850751	-0.021475051545306757	-0.04213976705500096	-0.015626511098052156	-0.07220144099844432	0.000749094807452023	-0.025120581041981577	0.0143679951446789	0.0027443961306965526	-0.0022884952163589986	-0.02140985449665733	-0.01667929835990597	-0.03463141637450059	-0.031380212377300216	-0.0007446512883518432	0.0004577591445708657	0.006022938446199319	0.00012203908181821776	-0.004793060813592067	0.0010398676112179286	0.005637327608263366	0.010599352107277358	0.005424831188110488	0.017709485984577028	0.0037349168611900993	0.002156708153381757	-0.008527399434434174	-0.0009957971686054533	-0.0006361234734040738	-0.001872951113630302	0.0	0.0	0.0	0.0	0.0	0.0
MMS943	-0.10769237612385187	-0.056743161650060894	-0.04152725643431474	-0.10453488372733384	-0.10436582292525341	-0.016682245465835247	-0.04682407695973145	0.029611677941369652	-0.03976610644914794	0.10836895224001106	-0.055563374688909935	0.08833986406973877	0.0877105508550126	-0.011542974317242913	-0.0316886051305969	0.012646720972976406	0.012204094034234546	0.05996596950828837	-0.02235971029047756	-0.01423228583047762	0.07911854691442954	0.04347530538757048	0.012551697124542198	-0.01507846150922176	0.03336002626926002	0.0037304887264299437	0.009728480339149895	-0.026281681555120187	0.015211664501743313	-0.020295293595857574	0.001205711087642366	0.01156485234522027	0.013160210612215345	-0.014867850893782382	-0.02218974375964639	0.008205997820341334	0.00018122805014074309	-0.006508850425905419	-0.000977572092498567	-0.0030548944533984614	0.0026105042440710256	-0.0011925396435728622	0.018238479568553657	-0.009803553773405098	0.01428409691676963	-0.005682993492892475	0.0013028797821388767	0.006543566398432511	-0.0028395638627386316	-0.007643205987797659	-0.0038321307147006736	-0.0001227698413184883	0.004449240803321387	0.004017616859611436	-0.0010634194794075652	0.0	0.0	0.0	0.0	0.0	0.0
MMS908	-0.0016675570725445475	0.08606392432207134	-0.022705837482410753	0.126926383671841	0.0019997928289043174	0.004257467788982647	-0.044080109414590174	0.03786839815628884	-0.01184028522422873	0.03487878092727615	0.009088061511468492	0.012854917088039632	-0.025912785787126223	0.011802444677888189	0.017766007493543304	-0.005798555148473788	0.03235702387168891	0.013951860788820278	0.018674495367636997	0.027653603946374786	-0.023276386632187285	-0.02961002618056649	0.031924159683733966	0.0497801175752879	-0.016936491418830076	0.032333820228720285	0.03792548163414242	-0.05745641269512854	-0.014479519800651446	0.02092598743161907	-0.01436425697509875	0.04865356046412929	0.014123920734695705	-0.020894560208529474	0.01662531326056083	0.0236902499387566	0.02111210064345738	0.004481858071158554	-0.013147403857221289	-0.012680351888213696	0.0263705548139193	0.008917561982758337	0.0378739053424253	0.026138376247242745	-0.01305294998242527	-0.0288992950034313	0.018648280499474378	0.01582352435330195	-0.00029540552033999553	0.005231634859287836	0.0008517742025889166	0.011247287585698514	0.010231046413904129	0.0008783819511536513	0.003293742296020014	0.0	0.0	0.0	0.0	0.0	0.0
MMS909	-0.16163689816133514	-0.06803768220479944	-0.04253245170964474	-0.08830587268315557	0.03569910259198925	-0.07232282305527778	-0.03175096859595436	0.0172420849241138	0.006234696669676183	-0.04104644073946903	-0.022943108244953818	-0.0556223747121697	-0.003949593173261935	0.030145233430061185	-0.007352592775391839	-0.012485387453975016	0.014213178945701033	0.0155904464165588	-0.017039001497825286	-0.011959593585030869	-0.040850816549546386	-0.041916025720448176	-0.03307918934288083	0.04405936456947921	0.05129665959180677	-0.03431453198758165	-0.009340864812771162	0.0037734144243874224	0.024855504918536865	0.06487694758509771	-0.005798482935791081	-0.025912503544320835	0.0006345074162723495	0.032745546279652975	0.03807122170502977	-0.020194972825068616	-0.010527292143223975	-0.02741280870437576	-0.032399937759927167	0.01380033390982208	0.0014852758367492475	-0.008569555014514136	0.02548571785425483	-0.0021018811030763087	0.015882343006211063	0.003494836752220689	0.011005677761504828	-0.002002816794881301	0.002944380885418789	-0.01138488700530576	-0.0026513022191036934	0.008892379282358422	-0.000548368999880545	0.0059616717338389575	0.0013402741298856023	0.0	0.0	0.0	0.0	0.0	0.0
MMS928	0.008774211054297465	0.08004354479045936	-0.018694152916158044	0.05944276307751562	0.0004349425954717402	-0.018299879458849668	0.037709072690411995	0.08506282995032889	0.005226128222084027	-0.022202310106180043	0.025962186326187856	0.0017045282196176755	0.042969755909534904	-0.06614480573241743	-0.09777225353274793	-0.04983925568758648	0.03150283038454501	-0.018547733122008674	-0.009578810686248258	-0.03625149477544344	-0.02864127175341322	0.0071683414961358745	0.0021233906289055823	-0.016569409223490074	0.018992215799098253	0.016235972926355802	-0.01230302422136332	-0.018938114002572677	-0.04061804376560415	-0.0006916637340974623	-0.006260740957918375	-0.003598643099899828	0.01608370663505569	-0.010814307863290127	0.017372439916190176	0.003917599607917601	-0.002341709826503741	0.03374008066694522	0.024985732171170207	-0.010868834705454394	-0.044877932284476514	-0.017358218534466455	0.023736961439612958	-0.0003701917076528588	0.01620214705376535	-0.020214764987479043	0.016941814457782017	-0.02735545033621631	0.005078278822670723	0.008276900862614782	-0.013818724497236992	-0.0016536417738091868	-0.014981154110586838	0.0019991209893516783	-2.149584756103253e-05	0.0	0.0	0.0	0.0	0.0	0.0
MMS929	-0.030955494886699072	0.09537941677143884	-0.04266044892075768	0.02447735752403834	0.04603367567694154	-0.040283190161087085	-0.038131588140273676	0.027896832276197908	0.0016662117291276401	0.01800538229556965	-0.04763806090668451	0.03324356860623356	0.04284851372823371	-0.06103619530305175	0.006458812827252235	-0.02687282709430798	0.031316250801234874	-0.029664425499483855	-0.002388944346096301	0.03053134793867335	0.004707073059347345	0.013684561687102723	-0.04929079378900255	0.028816409502031244	0.028760894014631604	0.00983749503986719	-0.017695813478645146	-0.014766020432891635	-0.031248210044405127	-0.02887221042363512	-0.01185773649434226	-0.038191392700159164	0.014405939427679593	0.02808665866826787	-0.012292623852488478	-0.006093034234670726	0.030756831325113292	-0.012759021247378915	0.028210890976554562	0.003718314429228964	-0.0018571622892524892	-0.0018490248154188161	-0.0021025727545255727	0.003888701394340232	-0.022323393470692246	0.029019691631741694	-0.0017609564983332973	0.011984163752470566	-0.0020470874789183385	-0.0017131571851380601	0.03161712999993723	0.0036225768200895013	0.008296081613411922	0.013350312394678897	0.001636380565786636	0.0	0.0	0.0	0.0	0.0	0.0
MMS900	0.015992377247022016	0.01587712185575421	0.07402959208590078	-0.04931645509583747	0.1260941338055223	0.0916853147450226	0.011707690146649295	0.09077223091340544	-0.006328038494496692	0.03932504427700709	0.017010358751087494	-0.026916885254625097	0.015022529482787896	0.10279206305963737	0.05573458481395441	0.002313256583507793	0.013617178236606523	0.035525794554002954	-0.030527679885559836	0.021913695623689354	0.026880306933136682	-0.011822177851617297	0.0004431006766179761	-0.0008853891292010456	0.05777897954209043	-0.019663619661820866	-0.03647921796476806	0.0064267968136698765	-0.004778857928723695	0.008053034772615226	-0.013178913375817307	-0.016570150307007602	0.035774050260082575	-0.004224812006019748	-0.023909320107963202	-0.00920431326151337	-0.005084428539641307	0.0175164563528787	0.009351842288053424	0.026746356985271415	-0.005867560443782092	-0.01649433306493235	0.003795499853234019	0.0052739108711727534	-0.004086592006920551	-0.004090660113289543	0.002285671181971921	-0.024216791606367416	0.006844752469296276	0.017695410803508137	-0.012396386174387765	-0.006557307119898991	0.013738084100683268	0.0005247180994173114	0.0022949767920803737	0.0	0.0	0.0	0.0	0.0	0.0
MMS901	-0.11283707595043857	-0.05103572859683132	0.05296395545293122	0.026698392374402472	0.02912691815266731	0.15415717636714762	-0.05205191968515345	-0.008703804790712331	0.00907942973958126	-0.0488939172147889	0.016553240459687008	-0.004144231283304679	-0.010997832649333412	-0.04890303888618412	-0.04213422198564702	-0.08445430377904853	-0.0298150651731086	-0.001306780233529762	-0.024219466162287078	0.005779356250782415	0.04930249891457101	0.0017741159431076785	-0.0864491162197857	0.0005453654399760795	-0.05352254083453861	-0.038878416045254986	0.02042882976034343	0.0022244481201030633	-0.016283096462701794	0.009500516208977842	0.034387812895678924	0.029761165417221177	0.024341978712103005	-0.006801708619315377	-0.002827242589648554	0.011477233449848271	-0.02369694195441387	-0.010253913786255382	0.004752596868427862	0.021576499895219824	0.003248954155712869	0.012304725132536474	0.005680229329087775	-0.010339768947465465	-0.006356363793570116	0.0030462880768564217	-0.00011490551486377353	0.005610150444587563	0.004165789411008857	-0.013291212736419917	-0.0022413895895837354	-0.004794167458518803	0.0024984635877384922	-0.0008477306337253418	0.006071189981479356	0.0	0.0	0.0	0.0	0.0	0.0
MMS902	-0.15384084058219877	-0.046007377171509316	0.01255141251966	0.0436497750075012	0.00692814026294185	0.060642291644071006	-0.03930024912171597	-0.04062583821000535	-0.00028991296444537797	-0.009315141304442194	0.02827860445063349	0.007051750484081745	-0.018192184713197956	-0.019693812631542608	0.05262884083574538	-0.01507320118364971	0.056149818936690236	-0.0025096049390758404	0.04255731930817441	-0.02748964919913413	0.01030614491145671	0.04496969401723794	0.04049907483525607	0.002936468215267049	0.006259626197864067	0.02491582920460915	0.04617153679971883	0.01115453327381749	-0.008787991603233403	0.00709874586569642	0.018427696852280722	-0.0030143402779511013	0.035687716607784886	0.03781136360889641	0.0168960004755405	0.02378912752663015	0.033514937297036015	-0.016699518848775904	-0.004163858380833434	0.02624341959896742	-0.008901075309418176	-0.007340866652304377	-0.026108902029522377	0.03229156598732773	0.021951698881980272	0.003564891384777144	-0.01934277631143047	-0.031177998361387217	-0.021382997902308548	0.005252084794083648	0.005618377615806505	0.0047546218642921575	0.002416399220432407	-0.006625033969238429	-0.0012437749215147033	0.0	0.0	0.0	0.0	0.0	0.0
MMS903	-0.07398792635603765	0.018901341166113233	-0.003978491316568455	-0.002478573013133118	0.05501183723154565	0.005377873344344542	-0.043806359690214104	-0.021877649114091232	0.06391203520395211	0.005060544489127965	-0.0612763660631137	-0.004025332985441957	0.0183439954971765	0.037218299268303154	-0.01760628812207368	-0.0007259141399846329	0.025341987769850555	0.010619991239873058	-0.012081443553675639	0.07514396142479235	0.008093636911379832	-0.031654577412318724	-0.0022210894226090783	-0.010005275556414027	-0.020078923721658603	0.02573915504414618	0.05498732454169843	0.0026361053355440913	0.019328197164334086	-0.025719166758451442	0.03662863569481887	-0.039095145828646816	-0.022532052672971443	0.023202500356868407	0.00424446682146704	0.04311624345182528	-0.03667119126702476	-0.016534811969139834	0.01597246756403775	-0.0182846008940016	-0.021174918057335686	-0.0009591717087755465	-0.0020966259006677786	-0.026444553122125743	0.009844298774561262	-0.03264077092826873	-0.016721291817896757	0.0041475304577967085	0.004590343780063326	0.013183866091244166	-0.00900795279340926	-0.0006636494958964183	0.007660352002031865	0.0014377278366256038	-0.0030991704298062414	0.0	0.0	0.0	0.0	0.0	0.0
MMS904	-0.05416700007043058	0.03770127767120142	-0.02283131510460025	0.0424085403161583	0.0796510814633098	0.02205030966732091	-0.050437258735850206	-0.026681422860707755	0.021271432117085882	0.0360594533690446	-0.03280484310084136	-0.05445798111660385	-0.010110223264026738	0.01861840741467106	-0.03925055969669825	0.01333838010276818	-0.0027137858848444675	0.011039870319159742	0.026073888461415094	0.04188130132787449	0.02687308678149346	-0.059612082979558216	0.051477634822505385	-0.037694652443178794	-0.004703800936466853	0.037356260990040364	-0.034009878799679205	0.020765072166159946	-0.02919261984095138	-0.02058513124130265	-0.018836700665425813	0.045337991809523484	-0.011010154857089468	0.02459515836961308	0.003633832043191486	-0.030946702190506454	0.0017369376048272957	-0.020537906343494318	0.0012052584154068728	-0.023103402575090807	0.00954888582993483	-0.03416394880909078	0.024959744591755977	-0.005488500629618668	0.003899810352747733	0.01355639772665555	-0.021394927493691287	-0.005369195175659503	-0.005645695743613645	-0.019782860761991785	0.003372767420377131	-0.007582040115509538	-0.00621830332397481	-0.010516149532872145	0.0035055991408024325	0.0	0.0	0.0	0.0	0.0	0.0
MMS905	-0.03829122009029565	-0.02162753753035913	0.025934478428393182	0.031975754469291025	0.02682717848966502	0.031509282507370534	-0.058900111282649305	0.003327588602055547	0.03613837878936805	0.010674652860873516	-0.0019378027793568256	0.020709558037509554	-0.005811252320910709	0.035123277001389445	-0.0249344390160652	0.03224611891956265	-0.0014105560343352177	0.02520838932346628	0.015092876001621501	-0.03525972086101792	-0.00529445005339177	-0.0072683195508036	-0.019773954283432097	-0.004932367631846503	0.001591567217123257	0.028549165381277167	0.024101730647016848	0.01137189676504053	0.021232303916802447	-0.021236717713657424	-0.04465872243699176	0.017644815515764162	-0.015111293265886032	-0.03140082401025232	0.004334318462899459	-0.0050926337703741465	-0.011384102990097667	-0.017078121571573537	-0.000760612735112265	0.001858796037455617	-0.024032743659449907	-0.009539532587509994	-0.027025696911019543	-0.025820331857010256	0.022138686365436124	0.024444739675751635	0.05840777729880838	0.003116797455460753	-0.012762638546085685	0.0012196488346674112	0.01416493033929219	0.00871911706961593	0.0033907888633331685	-0.0075098145160013	0.0001492452782063092	0.0	0.0	0.0	0.0	0.0	0.0
MMS906	0.0206033687367237	0.11248407719166706	0.005368033374745839	0.014489772537449866	0.04797461897521739	-0.03373438416964564	-0.05504965219367526	0.054905725017131	-0.02322894493226529	0.010274329923592677	0.032135834530712774	0.041453775246530905	0.014610851947715407	-0.0703756886033601	0.025553098655015732	0.02114840860863543	0.0658250470784752	-0.01903352637378207	0.0015644011321619632	0.004910601103424198	-0.018110455538185917	-0.022565610768856856	0.029559117964287417	-0.06386517509818412	-0.03764830667634486	-0.06533916039327826	0.050483855269790386	0.01679208281989652	0.05494600793307867	0.02282114669868001	0.011010647826890907	0.020926131292894473	0.015532206911620678	-0.0076822581630444815	-0.010096342136726706	-0.024360327324192434	-0.016183802274431974	-0.009748114016729668	-0.0013347623297943806	0.009124902617044912	0.022259310490308933	-0.011636348886023294	0.01711024324129459	-0.008192799085024106	-0.01106437713262848	0.015073815845847464	0.002933662716258459	-0.01945268697058609	0.00042421910329062067	-0.012074284844547528	-0.003453759575887406	-0.0022250722789149877	-0.002212246485074482	0.006510755404208754	-0.005381526937521064	0.0	0.0	0.0	0.0	0.0	0.0
MMS907	0.028856055797154792	0.08187856130294932	0.016507367251027884	-0.023344457238753977	0.021011788410724343	0.015069390825239991	-0.019997744817855295	0.01140441558252919	-0.008252428028404583	0.007873290508456324	0.0418231845994509	0.06449003572018577	-0.004930845903146965	-0.027933895345495913	-0.024590372580407725	-0.06118893194997046	-0.07467491675340986	-0.05433806326945876	0.025394041011226116	-0.015102277685880393	-0.038205734795545974	-0.023910034179377503	0.007612549146213043	0.009776797789366923	0.015948965366186545	0.04423392420407396	-0.009651558461616198	0.04967540981972739	0.0267886457303923	-0.01963177334120536	0.01542322659733946	0.0029001583336358515	-0.05591500515879167	0.0009982241962591303	-0.002843614322164434	0.0010021758080137255	-0.012840338382630122	0.009759217127958636	0.0008470442445681516	0.01431005121770683	0.00730787890262978	-0.016298249996492344	-0.0004308014566945336	0.020868899545785222	-0.01575815775780227	-0.004620386245700486	0.00821275981332758	-0.011583998693586665	-0.003579681802674213	0.002556263823403867	-0.001310704887519123	-0.01456588390933181	0.019990202046256095	0.002287056586892533	-0.00041761413106777346	0.0	0.0	0.0	0.0	0.0	0.0
MMS919	0.037969388008704225	0.010371587649186017	0.04350099838269363	0.012957772951687275	0.09676442487999275	-0.049934379416806084	-0.021963108313658827	-0.014216411864844044	-0.012484239144421155	0.009695401828471863	0.009017072894170308	0.0047687326178722355	-0.01724895655029017	-0.04321602035437694	-0.026469435516965414	-0.012965803251012046	-0.014931703522131273	0.08024167270046494	0.0011932830580711515	0.012149887129099464	0.007300736064116101	-0.004690801966575602	0.004829317543818586	0.007932480651751048	-0.021439909986593095	-0.01573851572837975	-0.011315270721592297	0.018642368714439583	-0.024093763251466806	-0.011694628624281504	-0.009586851581710526	-0.010448355152315698	-0.016160744793378038	-0.02080561897652647	0.016094646974608464	-0.04028383127916569	0.0038559434988919804	-0.01629504244978768	-0.032461147179438696	0.011264057875901453	-0.017757164843278703	0.02191544202129226	-0.04297545597740603	0.011549036802392559	0.01015669417641245	-0.049556143343410526	-0.0010837201730564984	-0.009230453746271896	-0.006325926646215536	-0.014196931771153302	0.007442065089573255	0.004859591760978254	0.001063612022718861	0.009530893127025337	-0.0004557720855152945	0.0	0.0	0.0	0.0	0.0	0.0
MM943M	0.26183684110390854	-0.11068675635834417	-0.21907803653505717	-0.044909987040438616	-0.10474152248155598	0.06603035487137403	-0.08329946247540569	-0.042816561378755516	-0.1586995769004637	-0.05309835782933899	-0.10768501114281485	0.02144257644703497	0.03637365146806557	0.03020738647492486	-0.01609525471927558	-0.02606792437694981	0.01736224634730394	-0.022356968554878294	0.018591924099503936	-0.00197201845721905	-0.01251672419262492	0.0006506346607730617	0.0067308015352023675	0.014821821431357799	-0.00412266866578299	0.0037905664713312674	-0.010274933164113079	0.008348706820658698	0.007672896582315742	0.010070165493981265	-0.008774196218618692	0.0015386513161353824	-0.015515190724514445	-0.006758478921074495	0.017133215934233732	-0.0013467683064836411	-0.022910934997416862	-0.016647869420412905	-0.0020013027518149627	0.014462914181085949	0.01602131816933028	-0.000510619060694683	-0.005677533199465799	0.00958941256407471	-0.0007097043507780297	-0.0042619211096183145	-0.0022787340271107157	-0.012336152499619559	0.003416492657276772	0.0103264952923755	-0.005991903735774743	0.0015954577313571489	-0.002646870870802325	-0.0011914333283351308	0.0014620273232170045	0.0	0.0	0.0	0.0	0.0	0.0
MM941M	0.23245753544935963	-0.18089226885719853	-0.18276453661755956	-0.011397538290613513	0.019301943676058475	-0.11380415583404886	-0.04656042269550873	-0.022676643541021065	0.10851813769356357	-0.06252357875238386	0.14169205069555665	0.06188455735341779	0.06965208719730225	0.00425552510932198	-0.009174943171300298	0.02445047749554362	-0.007891429826936672	-0.0001841126543507193	-0.025918361049151777	-0.014119284559834203	0.012670904432066261	-0.03616065465622994	-0.02313737430763306	-2.5420224084376513e-05	-0.019502593715337455	0.009174761359799628	-0.014636839375511392	-0.01483333374314881	0.007208152783372194	-0.022684795691058236	-0.01030708262490701	0.0052693178273320795	0.024448852630328876	0.02898676156770912	-0.011978430349099132	-0.006111666224302255	0.01837934340261802	0.0015223702102975156	-0.011169878865361627	0.011561496323340562	-0.004287154150766391	0.008049116587809518	0.007068107824991117	-0.00028696471062297476	0.003839149899008509	-0.00572835245083103	-0.014875869576366274	0.004647275859378841	0.00725219186672469	-0.0013808492025740478	-0.00617532972989071	0.004046498952254455	0.007703130886553849	-0.008346906525516824	0.0002027290503359235	0.0	0.0	0.0	0.0	0.0	0.0
MM936M	0.19635629814265249	-0.15622708231708632	-0.21618485590934175	0.08618643728375038	0.02117139286593315	0.0037775251579516577	-0.026982914878716645	0.07832731009831202	0.04985524694124528	-0.04726995078941662	-0.05010384716384652	-0.08452999791433964	-0.09610565784227809	-0.031965347331973565	0.06397380906726971	-0.0190710728977683	0.008501091168170102	0.016250864320225718	-0.012794385690544342	-0.0009981672180248507	0.047211880580432485	0.033114112125447286	-0.003327200447952881	-0.021479553438603256	0.01824910020115013	-0.0006494084196030117	-0.012945041356175612	0.0036116131473554916	0.027096757061699454	-0.017034144423721066	-0.00035424775724079825	0.017857813646783478	0.001930971889573215	-0.007495135723087223	-0.004803452890562956	-0.004279745531810184	0.0029805953590294663	0.01219945013035895	-0.006428826200787275	-0.025255732560623367	-0.016679113882880972	-0.008489328133990493	-0.0011358946294298708	-0.002363585931076221	-0.01112285488525292	-0.0032060447605703653	0.008291501103025121	0.003309419367350433	-0.024284523496400312	0.0032271260318997626	0.001493789793878232	-0.01222895506196471	0.0012070389889622098	0.010143954644491	-0.0015304434830697743	0.0	0.0	0.0	0.0	0.0	0.0
MMS706	-0.08355934056472089	0.009244228838589424	0.021972460651274433	-0.021826733747918377	0.041533336515936624	0.03158111335569204	-0.07102685117318092	0.02958329423412997	0.020929218712880636	0.05759088545733005	-0.04694550789003134	0.018335947423707817	0.059588898688760446	0.020182404944400902	0.05515153626681942	0.0663738782184783	0.017023620225058243	-0.029324703349408232	-0.028630119588184275	-0.018078144126889628	-0.042655556122933	0.0253633378498508	-0.05975970997596627	-0.044579396806680015	-0.019377201957375308	0.011321746420984307	-0.02096444936229385	0.011851782529829715	-0.0073277285261004075	0.024828453126223043	0.011741963556508772	0.04837195370310721	-0.016718738379201497	-0.012878149831552284	0.03403873529684253	-0.02733855309879912	0.014153072753770339	0.00646332739124346	-0.008946514089632042	-0.02729057564194478	-0.028352265441938727	0.03626255194002594	-0.016945621758860864	0.020767474149568588	-0.0161795950571166	-0.0010232193658025292	-0.016225105202360517	0.003887195020626929	0.015039335309568549	0.010891101713385974	-0.006013051856470505	-0.005214852761038941	-0.0035267653978812517	-0.0003756167947570388	0.0011897829914689082	0.0	0.0	0.0	0.0	0.0	0.0
MMS707	-0.1265758071580493	-0.09510223826262744	0.017382547346753978	-0.011646863940466934	0.05878168495576701	0.12515676854292668	-0.1090696741619952	0.009037582241448796	0.02605536535311991	-0.06915306500834002	-0.0013744508581530397	0.02136772384545627	-0.036176592248541035	0.015970562198095287	-0.04008969430334472	0.059207620904704196	-0.024228485177856966	-0.0664889161413756	-0.004515233592439713	0.004018164928096439	-0.016853750919760286	0.030270872172790245	-0.0005773752677169641	0.0012066454313209847	-0.008041461073971853	-0.008919392568968617	-0.03571787967656642	-0.01669658357677977	-0.012008919777130195	-0.01961671108602822	0.009948582924857093	-0.022328084394999302	0.009163233861960522	0.018625038524195277	-0.00634262067640735	0.0012996301883170555	-0.001259528675979319	0.03195530040627958	-0.014950950318550734	-0.03137832277835498	0.03816343384984756	-0.0031291908198097956	0.008210394057199226	0.009685576751727626	0.029909016418458133	-0.00457725301739472	0.012217645808050698	0.0011384094227807936	0.01369680528009228	0.003846700601390919	0.013012638981404584	0.004544600652496212	-0.0024567828910631796	0.0047629226413203095	-0.005573682127747546	0.0	0.0	0.0	0.0	0.0	0.0
MMS704	0.022111096247676588	0.011285004595336793	0.013395349134104513	-0.03377891771535831	-0.008202918650950792	0.08579003041296053	0.09237630623316823	0.08077125525840195	0.03643945890264465	-0.040047983974392735	-0.07320326634321409	-0.03244851249736714	0.02256132071990739	-0.06309724601668183	-0.04706933988151447	0.06285096567474711	-0.03184748712652265	0.04747800334273959	-0.05502167987594044	-0.057437522970484246	-0.030763382409345254	-0.008478418248664979	0.07161021102385848	0.03166654611533238	0.010928897168264439	0.002025528922924894	0.009268989784872176	0.026319645042774894	0.019627223067177752	-0.009279491874115085	0.04590381284842739	0.01896449870302476	-0.007970186984130613	0.02239020264382242	-0.024586971847036475	-0.00451376778928835	0.017807964025808747	-0.014733262383610658	-0.0072464385939914455	0.0164565003958117	-0.0005485947200885285	-0.00851418487435798	0.0014583703749277803	0.009574516263321448	-0.0043409932861884215	-0.006338431483402628	-0.009001882613637761	0.02138092229412221	0.009635286238334243	0.004064152507419311	0.009678234683374304	0.003617538520146784	-0.001243512056448635	0.0018023335011290043	0.0012204549660142605	0.0	0.0	0.0	0.0	0.0	0.0
MMS705	-0.0012179194516880162	-0.07925713100110389	0.03244966241640426	0.0411972493301713	-0.0014184035136028052	-0.00642618959107393	0.12717852012791414	-0.004143773684021123	-0.050601879852598314	-0.07277659285387975	-0.03385324989544405	0.07625934397804417	-0.026864242855551244	-0.02741108840971677	0.011433660665586641	0.09462586400939095	0.023913537838809392	0.020805107305580654	-0.03232047186565151	0.04526568512934447	0.0396076263859441	-0.0422805304004058	-0.005689862616440483	0.004766623854596052	-0.025276292388122994	0.0024140545120984844	-0.04446385131320278	-0.009623162275273362	-0.004351897440136707	0.02249671799280987	-0.011121069848467384	-0.006492926948389457	0.005722547105868765	-0.00042853953732715355	0.03782665993148787	0.04861280447920114	-0.0014694989118953603	0.00411422575827417	0.01738507115432631	0.01018641821286045	0.004290266009356375	0.007048361308587535	-0.005902757379857878	-0.0001965500185788387	-0.0002718523782647053	-0.001365500982660742	0.010387051307865951	-0.01643746370229888	0.0002466253269516278	-0.011436586144657236	0.012607312250333975	-0.01648711050330372	-0.002104919614951931	-0.00280937121821519	0.0004473221488779677	0.0	0.0	0.0	0.0	0.0	0.0
MMS702	0.12557609800042568	0.07159001118809975	0.05750927170669168	-0.1418130595773755	-0.036775624113392746	-0.023295816374539695	-0.013654205558747886	-0.0013925216458022074	0.002653302658210772	-0.04058187705719665	0.05137358709829813	-0.040463062621904015	0.01438063527481886	0.053335409916664064	0.034052472352828565	0.007129445661990397	0.004066771449723023	0.018359616690299046	0.040680066807308256	-0.02410886964724008	-0.024902132277173594	0.03650881152051544	0.00859867985367242	-0.018047717922025693	0.0035176487387683203	-0.0060082669199409385	-0.0020805540957856534	0.02578197698385833	-0.03404046725389862	-0.03552197280460639	0.026540260417823473	0.027690465834085833	0.0023085909862151648	-0.01379089880190057	0.026359195619388813	0.03837538257867825	0.04405782148414984	-0.009264822720395962	0.017489890426987908	-0.009495664643844416	0.03268728929346521	-0.007475511106383579	-0.00628745880518868	-0.027549726713313415	0.014624814837537161	-0.007064472815361892	0.008921956487031465	-0.003674010630311282	0.014542825137671963	-0.0221763019210176	-0.0056463627344046	-0.007229474174356283	0.0036607636519907882	0.013860340277273215	0.002388051343827846	0.0	0.0	0.0	0.0	0.0	0.0
MMS703	-0.1820872153680723	-0.131887508783275	-0.033585449383585986	-0.13689874852396314	0.005865529349837891	-0.09628098628957521	0.02334913900551098	0.05289056343842263	-0.05263793515887427	-0.016701031060369916	-0.002021572497124225	-0.07286605760332425	-0.007044923914885439	0.03159317664824431	-0.008548329645352983	0.031187340290256244	-0.04009097184496521	-0.005576212200136057	0.025370787528804273	-0.009133779069766784	-0.0432088798730613	-0.007769419958994601	-0.04619723196453631	0.008671210100883753	-0.047915044010854176	0.01821546497321681	0.025297491447066233	-0.05182833010559702	-0.020808435322282496	-0.0008869316957013373	0.007373605113451015	0.006891946847777985	-0.011049387070562716	-0.027014036970917213	-0.009453896798708705	0.013692531755805433	-0.0021291889538312928	-0.003704425705769623	0.02202750486782421	0.00947042622605116	-0.02409976158053456	-0.024825112003609096	0.010014893658659567	0.01889241452011123	-0.009233472779210213	0.005919550176785961	-0.016046349816265675	0.0014759907012579956	-0.026787077014912005	-0.009676818750493492	0.0009216243441036166	-0.005631032541813146	0.003021410376260981	0.002545850031307443	-0.003773093762752557	0.0	0.0	0.0	0.0	0.0	0.0
MMS700	0.09441260280843157	0.026442807494275297	0.06385491399231834	0.025933501082284677	0.13932291211178577	-0.07368549679857789	-0.024529137859277954	-0.04151690505736106	-0.04831013921849163	0.01280682603602928	-0.02695403119077903	0.0007439062313615529	0.004721861194903454	0.013328357125407978	0.034194025684795626	-0.014755533876849901	-0.06483142255845233	0.009462304537780792	-0.01352942393829516	-0.04800515106605604	0.014889190573183402	0.05827004966423103	0.008118767483371661	0.047332846414447745	-0.017177586274582515	-0.029921882137108318	0.0021844223971624723	0.03231271589617875	0.02596100558805379	-0.022577543848028386	-0.017637394087548372	0.025022962329144565	0.01651477185712609	0.03253112094716968	0.0004049882948139826	0.039362138936995	-0.020022316397743968	-0.0084526995662507	0.023119041218168844	-0.009895603198713009	-0.02779841438923303	0.007429859056613292	0.023406621397024253	0.02709273234603079	0.013290156998872414	0.010103951212232818	0.004992902069111548	0.010742786324346212	0.0056300290789596495	-0.005214044093839183	-0.009011079077284049	0.00031437913697418497	-0.009567068588329012	-0.005990706471780553	-0.0003535759605289326	0.0	0.0	0.0	0.0	0.0	0.0
MMS701	0.12360494952118173	0.11634648615323157	0.03949670307742882	-0.1263972653335482	-0.01663124089685036	0.03330842329433393	-0.002367551639745859	-0.007644169822336856	0.0508489443533787	-0.01616328539069787	-0.03684363192075319	-0.010488498069528063	-0.038921442151312935	-0.006216185904780698	-0.0180193587236465	0.004162858034118526	-0.007388653390103171	-0.004117461812014987	0.04290315373469909	0.023715683106736333	0.023458110028399617	0.03403760244495631	-0.013784020669410656	0.02768314761773287	-0.009206560872098665	0.004346913677863755	0.0041583202794801735	-0.05217664761037103	0.052451465325402645	-0.020895764074543837	0.0368054324657757	-0.0193079359858576	0.029668937022898002	-0.014597471116381384	0.04224456183916576	-0.040594329534886876	0.026152678855413346	0.005551404629514719	0.008769059486850968	0.007439629336542397	-0.011793233673071042	-0.029325379335780163	-0.007864032650930204	-0.006537048486011323	-0.03200619396829887	-0.005375208624594206	0.005155773474366631	-0.004333364570078925	0.014321788153579516	-0.00348378955384531	-0.0027024547778986634	0.007482059661052103	-0.004354629379660854	-0.016179857717039666	-0.0003905007012611812	0.0	0.0	0.0	0.0	0.0	0.0
MMS708	0.13292733067398146	0.05152725107903987	0.043487536356666405	-0.0500076198525269	0.039009094852744786	0.07411578128658589	0.021903975167728556	0.2160308975669207	-0.03803194566601451	-0.034647179593708964	0.05702884466181182	0.05054168974060558	0.021279304739083175	-0.0036947160890766165	0.049280838665510925	0.004828116686817721	-0.08071308981926197	0.0014517347096963502	0.022554065894970124	0.017838368170709364	0.019312028300999505	-0.008549955564803667	0.01205581999306469	-0.006470423172031555	-0.019457672818470155	0.03262863835654535	0.02717203405128748	-0.02421402979152009	-0.002090442244252329	0.026459266770758466	-0.03216598568168762	-0.014374647905845002	-0.018779202838923575	0.002335987405388079	0.006264557170306368	0.007934210979224102	-0.0086180245792509	-0.013266192464808032	-0.010485119920761612	-0.0005966858633196682	0.003220762737556303	0.008230699357183208	-0.008959608766981675	-0.01589080592638807	0.008960648550976613	0.014636854251084734	-0.017778664245282363	0.0040375701702789184	-0.004972021318818096	0.004832694657215571	0.0019217519740481694	0.010155322435566827	-0.00843081192718485	-0.0007245419254157678	0.0005923820852502516	0.0	0.0	0.0	0.0	0.0	0.0
MMS709	0.06273776376989769	0.012254875256582204	0.06282157779774138	0.10552201819018638	-0.010114185429492151	-0.07353977254082672	-0.0209677639841384	0.025395825510184992	-0.014204687330040948	0.03590453375682328	-0.04976090094063999	-0.017162837457754213	-0.049828904400441944	-0.04905497931209548	0.029590986471115695	0.051958841215552734	-0.024303435660057198	-0.03144348041526026	0.018549221035810068	0.010645928919838248	-0.02777834053323914	0.06040081302171575	0.01682011631256907	0.023801062220215323	0.002488559109999543	0.00910955890633337	0.022610687782965492	0.0009606695366927604	-0.0295493790326292	-0.012620258050677803	-0.019547280468568462	-0.05121762374334315	0.014977048667722493	0.002663240954190546	0.0055589352829914914	-0.002562657916510991	-0.028184973525292152	0.018793735376774885	-0.03727138219372079	0.009590944647257089	-0.0007196640445729761	0.009744887784704387	0.007777007907734724	-0.026317606927966773	-0.002157620859707524	0.006088391685086218	-0.00666190100156265	0.0031441290826122307	0.013868117659862575	-0.018413596098367926	-0.021180844877280152	-0.00525491083372212	0.010744651042272086	-0.0033628763754164474	0.0018843847792169033	0.0	0.0	0.0	0.0	0.0	0.0
MMS917	0.06031873749113183	-0.32950389501429	0.13581669996463597	0.19858670613376464	-0.09896968452426452	0.007603690766114346	0.06005967042449212	0.05983789980667033	0.023200342171343556	0.01905566802512178	-0.00671394803329931	-0.07060857544883314	0.08022083031407362	0.022125363404956827	-0.01729079330941261	-0.03382166819317148	0.02011824938566421	0.0031757189198154696	0.0037589982974610046	0.00910490639418131	-0.029706899017372508	0.030093434591868497	-0.009111651879743207	-0.004855371938017027	-0.0036635116935793428	0.008561294027102661	-0.006547677177935759	-0.011250161801467153	-0.015066522009155876	-0.010244052990712509	0.020598822913522892	0.015858401267060323	-0.01296208487497471	-0.0011231240500807907	-0.0010953170663753078	-0.010692161103194837	-0.012538116318998288	-0.00946443644324154	-0.006876890249461673	0.010728054602249012	0.013570863093944419	-0.004826927683815331	-0.007976505114646336	-0.007026454494836743	0.0036709683397164964	0.015299935109188489	-0.007436059262731353	-0.011089463153862498	0.009670514834395011	-0.0047074884131496925	0.0012263607892526549	0.0074570373296215	0.005064820967213021	-0.00276356217321777	-0.0017143423648670456	0.0	0.0	0.0	0.0	0.0	0.0
MMS939	-0.0350175698733617	0.09449669614213842	-0.06115121455862822	0.06629900100089689	-0.04908120534211463	-0.03008794780390975	-0.025893789321502103	0.030385668641847132	-0.0248788265233949	-0.009459115038882112	-0.0027908954116292726	0.0013744562052780288	-0.04923574025536148	0.05160833066621191	-0.017925335609963212	-0.0025751054780418425	-0.0236887559920518	0.035937607454731665	-0.029698459719592764	-0.05020435372072688	0.0059116574390400516	0.011222733649489952	-0.04325750017509165	-0.07084910365593389	0.0014614999611431171	0.02772869028228816	0.03621450342090906	0.05333128229481389	-0.041670984218267884	0.015648713490882392	0.0060806488660996305	-0.04998857152557875	0.0038796097702607467	0.024835976151007706	0.005361429156109417	-0.005895365295418429	0.026709983356423304	-0.0028142429939476995	0.0076251325191454035	0.015090132441842269	0.030381477242010846	0.008606973708292456	0.01631076244221702	-0.014799154439105597	-0.01965344163992353	-0.012438804787141938	0.0028459897493697565	0.011826544032439417	-0.014585530623948498	0.010976574447958397	-0.0007978371287910954	0.0011870891204023737	-0.012074427844545675	-0.006283245688951207	-0.0002089359227428017	0.0	0.0	0.0	0.0	0.0	0.0
MMS938	-0.12503327602312697	0.02572697262551576	-0.03321812542919295	-0.0025039662891535946	0.012087968283677383	-0.01778858117486689	0.046049064559430836	0.01051700636231698	-0.017704102026542212	-0.04842490665080672	0.06543988315303512	0.018526169951849095	-0.0333523557618539	0.003394371309881134	-0.05688678038437758	-0.0014325999288259392	0.04236058240063121	0.10985342162188168	0.054255682007061615	0.01802858939023511	-0.017814999395359913	0.06295431085057021	-0.03525984719295074	-0.01831819781676613	0.018400809313103967	-0.0009666517404964642	-0.0021279116408701557	-0.01242692229660116	0.028600077033247545	-0.010813729255504495	-0.022123144924418237	-0.011465415969182428	-0.01333695438860874	-0.001703023829578421	-0.03196366103163172	0.002233893012142956	-0.030719787246388547	0.0006881754015599011	-0.015014913491213004	-0.029375028276112	0.0310758349478528	-0.007135697742076811	-0.01284353946375072	0.037590664076662145	-0.011887750521858103	0.008230926185464163	-0.00872435573536188	0.006035896498556805	0.01483207766381472	0.0029257584196170205	-0.005369968768041694	-0.007469695618379546	-0.002937139702623517	-0.0038725304375210904	0.0017508541459198986	0.0	0.0	0.0	0.0	0.0	0.0
MMS916	-0.02644534541790137	0.04008941937072696	0.02367215645781931	0.0422476468469068	-0.019460036600061712	-0.010036432035128804	0.048171882624783134	-0.041796798787928614	-0.032736179742867015	-0.01218087572486988	0.03982494934680035	0.06138440553063736	-0.03884178740278318	0.021964518609422928	-0.02049915084024834	0.03614908944708564	-0.026787205894217424	-0.042056312327738925	0.022410722451163045	-0.04631338923962429	0.033788530645759575	0.031149245899094787	0.008429825900170626	0.007878787742601302	0.03193306522383506	0.005559984989915785	-0.03311740805721285	-0.035241466645495344	-5.6105866888618594e-05	0.029800384924019298	0.0493377154125021	-0.0012722171801973147	-0.010593649712271927	0.012141417571628652	-0.016569393428681863	-0.024779910705419336	-0.011357797316745967	-0.04758297941707828	-0.00288854909519876	-0.04804629248588146	-0.01694485012531021	0.017563651763360843	0.012806493889969375	-0.020047921564269044	-0.007331509966347734	-0.002976190845520047	-0.006569462689245752	-0.024843216069861746	-0.02049672341871497	-0.0026532380924602582	-0.0037280310645792175	0.005570395897647531	0.006693012748917068	0.00380632469627988	0.0029296725185672455	0.0	0.0	0.0	0.0	0.0	0.0
MMS931	-0.05885213138664643	0.059715230418570575	-0.11762818392764911	0.01770681554633135	0.04059671543636278	0.02356191153537917	0.05970986022306641	-0.06533148840962828	0.00778184621975074	0.004670399281095385	-0.007145516316830149	-0.05267316550956564	0.09292739411858715	0.03044462257280371	0.00441581597652773	0.012356349640058585	-0.04379789761444974	-0.029576155108099193	-0.0006135467732697252	-0.02876942812953386	0.04176047941371912	0.023748490033548075	0.00321816145429476	-0.009631854865125975	0.012185616465373835	-0.006055631156872338	0.028267917622838996	0.005913565610033033	-0.016962135626292323	0.04689294657600096	-0.01677719916956721	0.0006168261788208456	-0.0067171229461276535	-0.006731894808545445	-0.024913413323838875	0.019925587280201645	-0.000776632244317301	0.024595153576149595	-0.029938811816639745	0.0017200406884688023	0.0017636918836740512	-0.004859493451489262	-0.0012607923908461234	-0.001755508300877245	-0.0349812756464228	-0.021077297150202172	0.01465692156670591	-0.014056541521948775	0.010687375031822984	-0.02076230234206841	0.021134574105140302	-0.0018746941731792102	0.0045549669211693185	-0.008495569812023644	-0.0038691744712817384	0.0	0.0	0.0	0.0	0.0	0.0
MMS915	-0.057285042009611854	-0.0768409821089606	0.012949820863833826	-0.013210102652367607	0.08192180325668674	0.031927178515760476	0.14842383810214174	-0.08617794633214443	-0.05718002722181793	-0.02917496831080025	-0.019350309434930203	0.04478914248894117	-0.0020221242248749795	-0.017595340508667755	0.02203190220828811	-0.027427733871101454	-0.020066381191417477	-0.034883572721071475	-0.03494371737993831	0.027798949885004653	-0.004979826397855017	0.0018029283768444307	-0.039966166796878026	0.000708555908260989	0.046309061016182866	0.02382857108718624	0.03858742650305426	0.018302501175477676	0.01833711716834051	-0.017679465859970482	-0.013052276655081931	0.027225617836353664	0.023174490503448164	-0.036780173877155826	0.007066104134345658	-0.03743598603058311	0.02674992300676146	0.02512465028092698	-0.013533343618616737	-0.007175484338234616	0.021140572612907797	-0.008768107939302099	0.010051536279382005	-0.011870319153992946	0.029560405201124306	-0.005779206048177107	-0.01714234419548645	0.016335644511214602	-0.018763377054185956	-0.00028666055996909187	-0.012041461763497201	0.0033998526453073714	0.001526915638658508	-0.00019916864492734864	-0.0016494110544080266	0.0	0.0	0.0	0.0	0.0	0.0
MMS932	-0.06232704653143476	0.0963210403231577	-0.07805746767691357	0.07658211861098684	-0.009202061031857516	0.02057264999506203	0.0628821599470621	0.0058484056448751005	0.02317368343695024	0.021188553571707684	0.010683974188116131	-0.005295466467667547	0.08333337684674248	0.01830930806412577	0.023445523454027794	-0.002165670246038387	0.023678936735971868	0.024232975012008336	-0.009376849278262513	-0.01912391544296782	-0.0043565097620454655	0.017287449118915426	0.008247096622776109	0.03280502211521491	-0.0518981899927784	-0.018710765679647405	-0.018542914123598448	0.011022263712412635	0.033708574811231205	0.01377008203943486	0.005575389384644472	-0.027243717529548885	-0.026800531342804745	0.03128970951900079	0.04109944085773115	-0.026667976195551404	-0.01087637860010965	0.04288724211409813	0.04959067962577149	-0.02142819569287739	0.02800440415470043	-0.0042269089972183	-0.015855326077574936	-0.0010308396739007483	0.006451117542299958	0.001241498677590737	0.0063148505312213814	0.01039373614686642	-0.0273801087252795	-0.010798972886798071	-0.010373994420127555	0.0044729165854799765	0.007619159265853257	-0.0006790370789005023	0.0017767091806744242	0.0	0.0	0.0	0.0	0.0	0.0
MMS918	0.24375900552549498	-0.21712969111691421	0.1614802937878715	0.0045838544986485635	0.2047793930862321	-0.0736373761437213	0.014595024306305928	-0.06006955876569797	-0.04031202326394112	0.031511448619204505	-0.030750064934389306	0.03282602175931688	0.005760621419447004	0.011310194562851924	-0.040128733510624216	-0.02587555045401038	0.02697307323282363	0.007154764295796541	0.010329095769833301	-0.0043786737268741525	-0.018677470953632265	0.007102145164670403	0.01695679583128231	-0.01795989207093324	0.0016284948229905666	0.006661518172870795	0.01712027810720114	-0.014463874761260542	-0.009890197409299936	0.035151429845532996	0.019023185617875214	-0.02057005949502541	-0.010875785446152713	-0.006464647248225988	-0.005351626881934152	-0.008956595484343417	0.018369994188670594	-0.011751946734623651	0.0266610790155912	-0.005554557453108969	0.019742456602970086	-0.0002333192304714456	0.0009181521330374955	-0.0048681669279720206	-0.012906104757236534	0.0037305650671926507	0.008672172699399353	0.00796777512953705	0.007076867024569067	0.011451191864061901	0.010075181493354533	-0.004606554453461649	-0.0038510420654610344	-0.0012164164548079165	-0.000798467636737471	0.0	0.0	0.0	0.0	0.0	0.0
MMS914	-0.028864499968170813	-0.0014679914777280599	0.05285414066073945	-0.013974425775240143	-0.0758775076625896	-0.012642786673492836	0.06065544218154798	-0.06444826706810308	0.0945194076979803	-0.017591379292017702	-0.053491053062103056	0.07609454988520112	-0.07241280773428037	0.005316320815357823	0.06484668167041605	-0.05655555459067307	-0.033365508097107505	0.044578621781076674	-0.025084261952120126	0.01162398377218423	-0.011170633693862488	0.029893236516932046	-0.0005255026209612729	-0.04579420095595583	-0.03180681676365203	-0.015381748097559569	-0.03157055399183501	-0.020781935915869423	-0.016942526896527674	0.025150161695640823	-0.01965515172040091	0.03013324434507069	-0.04177083020585943	0.02521515500246836	-0.001237139160201885	0.005513889386654334	0.00802479314780458	-0.004977488988136047	0.0011800827701112244	0.013358949365788172	-0.008008361923501652	-0.02327755198574741	0.02011108659909521	-0.0018918459673460592	-0.005809203378725858	0.0035793619138050317	0.007142489903509947	-0.007425402828437804	0.013297951573724834	0.008529537912507884	-0.0056227910704407255	0.015692373289349894	0.005868431344857529	0.004301460761251161	-0.0030780209841083867	0.0	0.0	0.0	0.0	0.0	0.0
MM9362CU	0.0008187292263275132	0.0781899942725246	-0.10545340511641758	-0.008118721610892228	0.025321237740612696	-0.019724300388760843	0.07479102419179941	-0.0865455869004788	0.11615814285531086	-0.018530688217852757	-0.02292341304110469	-0.055625938610283275	0.05708905451058033	-0.024942542837818056	-0.0061306929352006765	0.03013090021694335	-0.03832549267491184	-0.03301675860922313	0.04230809485075478	0.014591479411268328	0.042346328001560754	0.009490867905857415	0.0216569184435344	-0.020308426138262527	-0.02568726243956849	0.0092958112058961	0.028701716871289373	0.004363184404421839	-0.013843897763823805	0.028030049695553907	-0.014232798958251592	-0.025676548327884234	0.011093248034867808	-0.0417814307878207	0.002378933054185756	-0.0034219967528080777	-0.010878436819920824	-0.02851594745734273	0.0017112223914813505	0.003183990423089996	0.013150594641105058	-0.0006492120254122939	-0.0016484662421400863	0.02166455913872754	0.017185005382996763	0.01998430949959621	0.0061596591149059195	-0.0024402635527975333	0.010174397913530291	0.023822557113825693	-0.010605183402678693	9.959616357817131e-05	-0.002784155590501928	0.013060086768469915	0.0038500022061078174	0.0	0.0	0.0	0.0	0.0	0.0
MMS913	-0.005120517418927499	0.041785853799601015	-0.02226324875143413	0.06506923551847522	-0.0018062058541930834	-0.04607868682547645	-0.025113206155620342	-0.024191783820313725	0.03112363393490005	0.032448504586414635	-0.03528548141810428	0.03638745215337757	-0.02518283348366574	0.06252284452017598	0.009734910344322209	-0.006899128040458624	-0.02056342780629371	-0.014307155040920016	-0.023526269119629836	0.004543525646578743	0.00445168388130463	-0.02283226456098929	0.005716869632505202	-0.027781829458441015	0.02226885054540225	0.01973658979894316	0.01752204137081038	-0.05380920150395143	0.03521373083691658	-0.025771669900196633	0.03658250955054847	-0.013201604338977681	-0.03825723691975655	-0.0026146947327658973	-0.016516920218184374	0.0022141094410526698	0.006450516919791907	0.04666923651696248	-0.01018836347333022	0.042742645764965254	0.00011524232294012351	0.01267601397454671	-0.006961379559677812	0.020889244099056254	0.016951957525505365	0.013243499535635686	-0.0028807252351360666	-0.012165014830295659	0.0031952632253533916	-0.021800049873229713	0.001986315420539258	-0.0006194647735357379	-0.01849640306062741	0.007168961548162363	0.004799435136364637	0.0	0.0	0.0	0.0	0.0	0.0
MMS890	-0.050176796780980595	0.11875284757164334	-0.07253956390215083	0.08323805919968738	-0.013433605475861499	-0.012177423196575518	-0.0005861842762529573	-0.0006256435174304844	0.010933887670394446	0.007987989061230062	0.014959425778748573	0.029058601273054756	-0.009444760429628437	-0.01947146611073315	-0.011721255754697077	0.006725235385493368	0.03151432014094428	0.00871735326340917	0.021537715676349264	-0.022852258999691948	-0.0076705769311894165	0.011794322534077181	-0.02294997551317229	0.0017943205687507595	0.03263441544347113	-0.016315123528245466	-0.02873860922014186	0.027388251896596563	0.013635971960775426	0.0052128903853700375	-0.0013772803551322767	-0.005844742371035916	-0.028094061938081002	-0.04413225868299778	0.04575018189873898	0.026925914352371273	0.013141477999713862	-0.008211813985507486	-0.016489585277762075	0.019707404573377246	-0.01833337377022329	-0.015662096362894323	0.019267082589397987	-0.013667827550440676	0.017877598564307994	0.012511349191864229	-0.029958720479841258	0.014062851749134185	0.015729117272871726	0.00923351758105706	0.014026055898047141	-0.009176691989581185	0.006679059904327463	-0.007362812558891562	-0.0012270223301256442	0.0	0.0	0.0	0.0	0.0	0.0
MMS891	-0.033803088365257694	0.06845217753396157	-0.03445706996669958	0.04690189716105421	-0.009957917632252787	-0.016810068198355135	0.024689011818567978	-0.013472392821204503	-0.01333987823661789	-0.009395133051264647	0.00660980693517531	0.017123830261526893	-0.01212669149731277	0.07831398914187301	-0.07538090093902383	-0.019890056886179903	-0.015576766728075956	-0.002795131156203025	0.009256655700046948	0.04037788848620494	-0.04866552098715064	0.01308820546567549	0.045568055322527355	-0.02966206925575237	-0.020061732493754175	0.03250777379107809	-0.052038373622180334	0.03131969542316885	0.038676833277634826	0.02232019940500462	0.014291167847321682	0.01673044687611147	0.082541068738223	-0.010260125097206826	-0.0009450540503495171	0.020844380829327106	-0.011088806794746064	0.008571346931293381	-0.009208510177844076	0.01616651141908767	-0.023233558959294222	0.01884393214103986	-0.01514843857645911	-0.011107576632711724	-0.018683495048762995	0.013639360817318933	-0.004177639632848469	0.017820403594336422	-0.009401973151677671	-0.0037478456405329545	0.0013566250741007613	0.007858781151646716	0.001595984002032962	0.009282329914309677	-0.0014795485360316796	0.0	0.0	0.0	0.0	0.0	0.0
MMS924	0.1044743967004501	0.1274863182027729	0.12480754985684706	-0.11712427750475765	-0.04147818918646755	-0.021651039318732215	0.04490607931171183	-0.007149839957851813	-0.015460177207632337	-0.06786149948212113	-0.028938479003077916	-0.0354487983200864	0.04162439560089819	0.017891596637092187	-0.0229134905489477	-0.013417057705077997	0.05435804614066725	-0.028488703035204538	0.018148537239242545	0.05175530400754261	-0.004258720995968571	0.03369949442746014	-0.003705736516217736	-0.018335616146257686	-0.024093942969393614	-0.028434978750667955	0.009187644995375936	0.02133559588085927	0.003223415220533673	-0.03443343881038655	-0.047454171361573476	0.012410551688620411	-0.021586419919627953	0.03095045474263969	-0.015284585457664611	-0.0031759866782501305	0.0007311868674064715	0.025588711681867098	-0.02892708695052593	-0.002362104016559665	-0.018794989168716636	0.022236783423689455	0.023167017598936142	-0.004483636846123837	0.002225560007311557	-0.004897020164112802	-0.007051469075913774	-0.009817031084882966	-0.019055472549990907	0.00747873699379419	0.019899843049537836	0.007356918180189609	0.0003039540518939455	-0.001530962538665127	0.0029656717711633238	0.0	0.0	0.0	0.0	0.0	0.0
MMS912	0.049857146701272656	0.05930176287116845	0.0032188801103793002	-0.0018205222326772054	0.015546185906547976	-0.030141042822741132	-0.006586311183940842	0.002974733190543315	0.0362401427445529	-0.014402940434429825	-0.07651356625963647	0.010147648073792929	-0.033131312768864336	0.001475275499882192	-0.014812240009345041	-0.012822442237918612	0.010743472338457748	-0.00027396083027109614	-0.0330048900247505	-0.06599824781685344	-0.035549957447029316	-0.07003559561607613	-0.006455122472366719	0.00044988573563665496	0.006820219611363657	-0.06249303841010921	0.008171345501905656	-0.0033989626966770517	-0.010926668295057401	-0.018303155151961133	-0.004821426929173795	-0.012449709533398086	0.011268881980417594	-0.04355632571406768	-0.02754097441751077	0.04407807176674595	0.006731694131787735	0.013438728663986124	-0.003222304434899538	-0.04061234317909864	0.014411288515054941	7.906376441583362e-05	-0.027115513632757025	-0.0027378252233598924	-0.007665752188892358	0.013848992914950968	-0.02147212152308553	-0.018922564709703934	-0.009499505198629719	0.0013172955977601868	-0.004339738462576351	0.015566908100273955	0.0067728330098209095	-0.007638191390570215	0.0025490691437580737	0.0	0.0	0.0	0.0	0.0	0.0

Biplot	0	0

Site constraints	0	0
