Eigvals	61
2.102412009186616	1.6574055327873363	1.0745060650568141	0.9208033273033521	0.8084422058763935	0.7519846124388468	0.6410443536283587	0.5787465275833857	0.5439835453965235	0.4569754520528914	0.40663632028185837	0.3859457329908308	0.36149829695736185	0.3403120728241548	0.3223837438928843	0.32001114645658485	0.3020272202911811	0.28517004945732255	0.27939663821780875	0.2625037083741698	0.2581681108011308	0.23750553417834872	0.22203407388569193	0.20778778186291225	0.2003815107680427	0.19638703532599974	0.19018994016218466	0.17927100292164355	0.17561678837154918	0.1684631070852098	0.16502344500356259	0.1533424722945803	0.15103887383897577	0.14781295144250312	0.14349226718884833	0.13844811674310387	0.13671827039627765	0.12748596552834218	0.12500669036457118	0.12355386512176433	0.11988380696326884	0.11637033188195647	0.11370752384052275	0.11189136825304453	0.10407653209935194	0.10159873888866709	0.09572238013052338	0.092870245348502	0.09003097616746383	0.08270080114873675	0.08052824847084394	0.07816331375719138	0.07575855589355553	0.07341257193705665	0.07153621072091068	0.06437964543014804	0.06333691365529033	0.05948578232685812	0.052672459173217535	0.047933498666079634	0.0

Proportion explained	61
0.11715227846408272	0.0923552727327379	0.05987448378093246	0.05130973726345424	0.04504866125721494	0.041902686215735646	0.035720784649223965	0.03224937550932315	0.030312284895493927	0.025463950536918016	0.02265891329535384	0.02150597589140434	0.020143696366072928	0.018963140690776824	0.017964124049807174	0.017831916283524454	0.01682980160914054	0.015890472893829	0.01556876226895445	0.014627440961585273	0.014385849336363643	0.013234472765206156	0.012372359717653427	0.011578516473398451	0.01116581832960202	0.01094323498377857	0.010597915505423536	0.009989481777616488	0.009785858720542256	0.009387235587474842	0.009195567994134094	0.00854467151829848	0.008416308568238648	0.00823655114807375	0.007995790534726904	0.0077147163613239455	0.007618324483786172	0.0071038746299860464	0.006965722482307079	0.006884766995627375	0.006680261088371935	0.006484480428204488	0.006336101315165113	0.00623490004529572	0.005799435513496943	0.005661365944389569	0.005333918795790354	0.005174989867140572	0.005016777845767958	0.004608319988206247	0.00448725927546952	0.004355478497528478	0.004221478662268617	0.004090753873529251	0.0039861977776105536	0.003587413939748926	0.0035293100083036624	0.003314714197483122	0.002935056771691547	0.002670988635409687	0.0

Species	0	0

Site	61	61
MMS930	-0.062122593306105284	0.2885146415774816	-0.09951107134346306	0.03144553957978863	0.04242520974187205	-0.050614564741941516	0.002894573114564582	-0.0012189513246562435	0.01640631389275475	-0.01118162193427261	0.028650064314854642	-0.06168615593814563	0.03751226977240085	-0.028531941972667497	0.04698171119260004	-0.044273635142397835	-0.018609142400703143	0.10276598516766779	0.006813197465107604	0.07797831596169952	-0.006702533970632745	-0.02779912137497703	0.11463219094307901	0.030196583333059066	0.08478897776019796	-0.08586088254524056	-0.06562290770611445	-0.06077710722933608	0.10017039381614798	0.09844927925721847	0.030019274183860852	-0.031571665189983125	-0.012821871804527615	-0.014136501588311126	-0.01623306207508328	-0.01925834764749668	-0.043862542699372675	0.00912121627320903	0.033808495309036034	0.013266847086459652	0.07904625040457106	0.07845588444396426	-0.11068834562358168	-0.02067593950201202	-0.040319953291431405	-0.045227985886399494	0.02432574981000335	0.01981233370672308	0.032038519606984985	0.030808478572929933	0.03629770511595014	-0.04980950835649907	-0.025221422952705536	-0.010703819653435817	-0.014765337743795081	0.038528285474999924	0.014740615093928636	0.04724445008038811	-0.02561293980531563	0.05202112136629523	-0.0
MMS925	0.17751185739035025	0.020810295564746794	0.1454115441673523	-0.08567204503294819	0.05595909101382782	-0.03636391022024426	0.010073691772801463	0.038566987225597114	-0.05449474993722372	-0.08579122681801425	0.014617093299540328	0.09506196577545666	0.05396147125768452	-0.025002101263533364	-0.19352491879595024	0.06821281231917947	-0.010033543158529716	-0.10825906657992272	-0.033980194435572875	-0.02300129178635137	0.08508985551179328	-0.11530104581369416	-0.03944451423798131	0.13382061542447557	0.09615976932328395	0.03281288461258758	-0.014304291402780223	-0.053421759106249044	-0.020616411506015373	-0.06531841032668805	-0.02494715811781352	0.09744673151804036	0.030702647150267	0.04842953190706868	0.05276528483510638	0.00868681182325772	-0.023458232128286547	0.03882691323799784	0.009143591507606614	-0.024913220876751626	0.0667813402998963	0.010234969123708668	0.003339534207187619	0.026692193884069394	-0.05224158911782714	0.014650089902075334	-0.049357133869125124	-0.03704792156329849	-0.0730493032710797	-0.024959866433915907	0.05211615899660276	-0.0010750742959803419	-0.009106021320624236	-0.0016328207818133453	-0.0253785912672406	0.010310002106768808	0.005918486153715062	0.034315114102418595	-0.049833673630797985	0.011633216989202803	-0.0
MMS911	-0.33828380531405633	-0.1812139728079249	0.08887507720155967	-0.04920054859229927	0.08213099137370156	-0.12500059025074473	-0.021956944388866483	-0.03175122167039446	0.022660053055338365	-0.0677915814822423	-0.025414276701456403	0.044766716105939644	-0.019126263976413538	-0.0021452981519388685	0.016673427913402417	0.07631680379194546	0.06540020324892833	0.08201614973040963	0.014007523150968279	-0.09973605730249714	0.06851123076638643	-0.10942156093588057	-0.04701731316895131	-0.1192386359497558	-0.05555338731252563	-0.10366611983616801	0.06309902074966364	-0.04205665734824287	-0.016728842974909144	0.05150170824341298	-0.021195448698405065	0.02408314946235401	0.004314988453743667	0.007992634451738347	0.011172962235716564	-0.04624033748847571	0.11394798141372627	-0.026683711493707952	0.04599510259820478	-0.03401290949266218	0.09819564246773747	0.03590849058860727	0.022118234910222193	-0.08122166138895455	0.00871906333698036	-0.025952170708360117	0.013008213705520967	0.020993092562310592	-0.04081104839907594	-0.025809535290743476	0.04757578271769036	0.006288389718001164	-0.03602959015387792	-0.000494283490239484	0.01930987867677854	0.0067164556363739	0.04886517240906842	-0.02186935073990889	0.04312306709797499	-0.02209923092926437	-0.0
MMS920	0.1091905431512022	-0.007852570339589629	0.06258296242843323	0.05174029704754305	0.2058220638476062	-0.0157521651314578	-0.13354151833740863	-0.17699644537346285	0.04323179945621688	-0.12152387542324648	-0.03166006821201112	0.004532217511211169	0.012871736179521927	0.06348868991240678	-0.022483743021430927	-0.03797503150368272	-0.15969905561231457	-0.00957591602741597	0.07448815321057378	-0.006263789345521767	-0.06026231422889235	-0.0847238063647714	0.05830311848388072	0.0033987353077825698	-0.01984996882011242	0.05401203025265752	-0.04830478688352455	-0.03309750320281346	-0.03987806371552175	0.05486369305394913	0.02374518935439709	0.015851708068373358	0.07182457346067428	0.07152213777139421	-0.026442352140075953	0.02101032403606391	0.01904413377454311	-0.06295764207750622	0.010222025115043533	0.10195104852380295	0.02867665156782978	0.017307218124509943	0.0453989994723211	0.045229830119161346	0.0506104524019037	0.068236206577217	0.10463555477352178	-0.052315616712608794	0.03877437080387315	-0.04311262693198573	0.011224768668932792	-0.03552836194526029	0.022549168193487828	0.009541510952721594	0.012618717208933905	-0.030492298999432097	-0.008739140612876587	-0.01686388448594486	0.006544409892379967	0.014596121579859818	-0.0
MM933M	0.15722475594068908	-0.17634324639449478	-0.3937304477344254	-0.11428208046221965	-0.016857289353416474	0.1454005795748231	0.18002695662546486	-0.08681856959365877	-0.2604340640512627	-0.08584691109964422	-0.1102886200444229	0.2931646689537756	0.06242324848969484	-0.1460703968021249	-0.09940670035159774	-0.019827250970486442	0.021973103032992065	0.00018762571714846723	0.0687664871377453	0.07327913186128325	-0.008112566019731605	0.003092084982051752	0.062181633743692385	-0.03950556285034929	-0.08935386710502732	-0.008978016089669656	0.0014695927555710543	-0.004858660833545666	-0.0075234158697140285	0.012965869750795648	0.04314292608710553	-0.014044241148186283	-0.005667934844931179	0.013503861415008386	-0.052305480011640364	-0.06371394627769882	0.001405731588525406	0.01756433812595337	-0.019217846462766457	0.007631075343054458	-0.021854164776241587	0.01327824331469613	0.020073294049897206	-0.012369545757991617	-0.013956878790802055	-0.014204394580764617	-0.0008429566389795354	-0.009899455146006483	0.012025290416772277	0.006017983390042025	-0.007808276040698226	0.004390696372504858	0.00438792749375001	-0.00635602162950027	-2.8030263832799272e-06	0.01202905350011214	0.00560307932259189	0.007155301578189802	0.012397250579143643	0.01372613917781345	-0.0
MMS922	0.15603184490776187	0.043135874340277554	0.1186756716506342	-0.014924249938303557	0.09635219910561597	-0.030602298998305664	-0.020926294602189335	-0.12636077832547923	-0.03852422688379378	0.04420044310621395	0.020404451247776064	0.07158341018611564	0.12215089578170332	-0.06803431358745655	-0.006527948231111704	-0.02461624265295098	0.05355416927374223	0.11942288415832951	0.013252773376768277	-0.001573084340348629	0.08983121789673099	0.08653611283530062	-0.0398448551394129	0.0759476781009025	0.10387321533656313	-0.012629394696815559	0.014276594518668953	0.05350280516281354	0.008137354961729024	0.10009966067531995	-0.09592453567517631	0.014892972619938164	0.058627891717844154	-0.0014314625438259917	-0.024672685790501324	-0.06436525504506913	-0.024107391159571213	0.03290419375118693	-0.03246855672607989	-0.08254426044245834	-0.03229272956447055	-0.04911339142835747	-0.03965133507946509	0.00812544278487568	0.09603828624374433	-0.013909999203979402	0.04406018555646703	0.06709889053401842	-0.019219339308954163	-0.06021910964717197	-0.0004919481883031307	-0.034971704599978566	0.02140420300458643	0.0134577002395086	0.0326815410425302	-0.04017038776680727	-0.04119570295153431	0.0011547305811960692	0.0013535499508633983	-0.028033253032909055	-0.0
MMS910	-0.44263090762811247	-0.1290510081813069	-0.01959207635002948	-0.1635767237536539	0.017403000006434417	-0.14236501882489214	-0.0052650559303797995	0.013603923639187387	-0.02770676189853288	-0.09861600669783105	0.045918639094468076	-0.009474479473574052	-0.03806967991674436	-0.09728196705842265	-0.0012901117305781377	-0.03572497476698091	0.055814517845083324	-0.06659169474280634	0.035111547871068224	0.01992346913980553	-0.04741011078660092	0.03465064167385515	-0.043719960831943995	0.05668173293624248	0.009549656311409038	0.060978088803966844	-0.01811233869867769	0.03562873833648232	0.04218512044201948	-0.09313891208364936	-0.058604985770952925	-0.05624998414734784	0.028380773625790428	-0.00406275806477396	0.05178531586937441	0.02574259068009115	-0.048231041932330646	0.013383697374241799	0.0526896521651613	0.009190236500596341	-0.020086548396310227	0.00904403506409873	0.07300581414165662	0.0391559157867732	-0.07824249651862134	-0.08034529614576706	0.048847546272213216	0.043435429476927676	0.0682803394363825	-0.008424530428518935	0.04283284422718409	-0.0819890244181693	-0.04450396379805619	0.011203914118686022	0.018213897148880664	-0.03647545983881173	-0.018637037609892108	-0.007806871911878289	0.04261024430911374	-0.004437988931399558	-0.0
MMS923	0.12560963148310453	-0.029106867516246963	0.14853877313933647	0.012008075522055305	0.021622212350119147	-0.02473351050368239	-0.12150092952293878	-0.18858366651556532	-0.08256715998694418	-0.12447932631873765	0.02195833962147434	-0.0457528425184952	0.05685787524980757	-0.009886093837864911	0.01843598926560928	-0.06579278599689073	-0.029803321260894	0.03924959009180348	-0.03559032197353666	-0.020687761615454228	-0.035793325480682966	-0.05849029923438618	-0.07896016598703777	0.024387675270210563	-0.09501098392519733	-0.05522698024756798	-0.028261430349296797	0.09692307717291808	0.11481975979095567	-0.06766042959796272	-0.075108777943184	-0.02716018634787024	-0.026510094046299445	-0.044195154453273267	-0.07532837200589701	0.053813199254374125	0.034437945345028836	-0.007843383462743572	0.00778095758524666	-0.09037537029910322	-0.028550650420803503	-0.0318190314583178	0.0055613248189264695	-0.023322804856165967	0.019484280519325325	-0.02447063804344767	-0.028288549873176742	-0.11194583501573159	0.007669927958512861	0.021988792426441733	-0.04807791478420856	-0.01488147847420387	-0.01810353305331053	0.0035477754846517124	0.008642940632686254	-0.0012570131761182315	0.041626251708199495	0.0411606110653274	-0.016992086213229195	0.04180340408336424	-0.0
MMS715	-0.25455476310845554	-0.20259920007745902	0.1297875675172692	0.12134850368612796	-0.027837089862843407	0.26539674860755674	0.07558219842179725	-0.11199148015606368	-0.01004836427932093	-0.050169127615082965	-0.0017594085475848148	-0.16138184192004498	0.0056661790375021875	-0.09963018482222043	0.07704260954546988	0.006900267963153173	0.07124261492787862	0.030179393785964757	0.08132427752767905	-0.07632538439824123	0.08984733241243942	-0.014083900992150946	0.10336611186426661	-0.018720153194183815	-0.014655245249198524	0.0746807208065783	-0.028028000908654305	0.04310802407565234	0.01996932784420967	0.01748215395372078	0.026880208868682972	0.11284801627206825	-0.005987996173597967	0.008323723049981302	0.011678921914569946	-0.06393583729306727	-0.03188763830826183	-0.030932055265789234	-0.0117431437030491	-0.060361629312879826	0.0003900182862460277	-0.008207892171963231	-0.03493103067651358	0.09496495120168624	-0.03920066848173785	0.07240237708791593	-0.04474586484636772	-0.02201638621230854	0.021406699424147475	0.041203486845572235	0.027308794695987355	0.026209433276716876	-0.040104374729984134	-0.0033442803866924704	0.0073872990466414745	-0.017991602778721614	-0.01982828410263392	-0.0036551303895930804	0.03482994436960986	0.016183843309956432	-0.0
MMS714	-0.042877570702902754	-0.1867295765073219	0.12892091662029315	0.2214159151111542	0.2592981885969177	-0.02421094428936934	0.03446449274692084	0.07939337833529844	-0.11882315184026235	0.011162968483845204	-0.06816539920566535	0.09063755440116031	-0.04760778206927587	0.09648721021012645	-0.02253155365780754	-0.06118821223079981	0.09550213765031908	0.11402611797744393	-0.010962023348894375	0.1018022111843659	0.020130427883119417	0.031660971587074295	-0.03062426466867157	-0.09883905670418204	-0.034701290351006116	0.0028994971346774654	-0.10448862278524729	-0.043481246890080615	-0.005421575207958741	-0.03813258842152167	-0.02939659549002713	0.01122477315144422	-0.026773977264338795	0.07680652078032824	0.06160978920647798	0.09888991700191666	-0.09701689638574759	-0.049526044312843194	0.0488401278138266	-0.02029743095848569	-0.0144730812124896	-0.03654499788733027	-0.02733562179160032	-0.022546536101041483	0.04276765643897008	0.022780403835841977	-0.03470060175162451	0.003320713513494507	0.030692579145465044	0.018245931521934097	0.017575799924576422	-0.01839796339302706	-0.008818200570854265	-0.046396200663319766	-0.027586144872210304	0.02550067516315153	-0.013356052693192974	-0.00582639957086732	-0.020429596527219908	-0.03906967597264958	-0.0
MMS717	0.032420282045251415	0.16446398424019665	-0.014641228317993428	0.10966894022580104	0.08080835823820746	-0.032507063135107574	-0.06889931930036981	0.010783175392025886	0.03676778877215197	-0.03751532637221176	0.002924714851596124	0.062561098301806	-0.07242327834945642	-0.006009416434229619	0.009533070310292326	0.016554013088817873	0.07954457275946782	-0.015451873934336792	-0.03692602254828707	-0.08830252855400296	0.06744638749610984	-0.040099629478254906	0.019368924728003497	-0.020798252376439987	0.062171165026828304	-0.07087298028893	0.07845963123519774	0.0371840644400674	-0.07942275885049879	-0.044090863554893514	0.012023531408226242	-0.01721082041885219	0.0029506433780835334	0.03120984188893527	0.044168139058930564	-0.004627159163954737	-0.115491506071016	0.016608207210908894	-0.010614518967468532	-0.03643989632070389	-0.07380919882498999	0.014274995853537208	-0.028949947323888323	-0.04222846677035783	-0.06150278389142684	-0.009189981765327166	0.10205811854195969	-0.059730215744465256	0.06303436599386114	-0.03229254980557474	-0.024751668541013478	0.09105726508464312	0.02523001458012033	-0.007017509454937044	0.06182181576185486	0.039576585613174384	0.0027927894688017586	-0.013816565212590627	0.011074937021168048	0.041318466231916595	-0.0
MMS716	-0.13564880418258451	0.022677359566908913	0.0641931602470369	0.05067696702134854	-0.07482541087983623	0.1374212434009646	-0.09089714777146145	-0.11891290682945023	0.10701248163827752	-0.10653950221441266	-0.024289478036459106	-0.007682211374501247	0.056327408538757354	0.06285679696353864	-0.14120966411548108	-0.07220753059839966	0.009966995264697336	-0.18461392522901698	0.07513013610137657	-0.00829068428282752	-0.03435017596084442	0.07376660207625599	0.053106226515938056	-0.03829125286705255	-0.01510683752753396	-0.02098653104255925	0.07292796218027042	-0.09048050252524753	0.016915401946693918	-0.054519512606955145	-0.00823816869527484	-0.06023505912769198	-0.07134518098494455	-0.060494669521032274	-0.008048138133388155	0.015066169707891982	-0.062174305804568716	0.0352697162012858	-0.05300716885828261	-0.03464773175656602	0.06156547108066838	0.004357248705723816	-0.05381373014002004	0.01592482841432636	0.08479368489251211	-0.007509268912466993	0.010171816526138114	0.00492986033150726	-0.02586212660784525	0.01668068275014467	0.010747252501339934	-0.023664700374827183	-0.03382029759644789	0.0179764047084196	0.04523095006798914	0.05408808667039669	-0.005740088906219315	-0.0532825121270219	-0.004978576308476047	-0.032256556689766104	-0.0
MMS711	0.23182923995243915	-0.0483674455673126	0.1455974696262351	-0.14483109787845774	0.09281744871636366	-0.02414673294769725	0.04492232159050136	0.05331879690022314	0.09198892840824033	-0.010288080319672413	0.031085251933555415	-0.023215287109585044	-0.06778843691948482	0.018207409236356796	-0.06903500435812342	-0.05972248589884908	0.08215420778611765	-0.035543055008599014	0.014999530194412086	0.01842961143073352	0.0630107158417224	-0.09752874927091514	0.05695427205884075	0.025244838946852192	-0.08003885715587386	-0.04830425693336642	-0.018570059182579632	0.08089346806987187	0.00021872539442063807	0.04845644902616829	0.05786586415434893	-0.025670522687509034	0.023811377865295462	-0.04280387670901088	-0.06493900342646304	0.01124822761876764	-0.04278472505038505	0.03302549932553328	-0.018169666207478972	0.031008187216924825	0.04540287500059703	-0.06249415973800355	-0.02985239106966617	-0.0955453400044576	-0.09610021258466175	0.05517891668213062	-0.01770729703152581	0.026216802633398557	0.03409653834285477	0.014778937169232858	-0.0493148277523353	-0.027098789836933142	-0.010091654921366666	0.0732452178849892	-0.015297299022662154	-0.047412640189484836	-0.02486047415949798	-0.041304780324041425	-0.02259362904139168	-0.04822245259793322	-0.0
MMS710	0.1863166313274598	-0.0008972684451086043	0.06607546770201514	-0.0743815591297201	0.039528742270708475	0.13415410839044561	0.010052118617543657	-0.1450658797078005	0.039505623941641144	0.13408786526052333	0.017172651920454113	-0.06719364356787051	-0.013034783536793462	-0.08100153190699556	0.0693530640342247	0.04248686361043151	0.07544706105975119	0.03311924301569532	0.10659064254841637	0.11682159020002734	-0.0033537578466042153	0.07668657780103959	-0.10098849050744903	0.01581794488707656	0.03796018903277973	-0.10948568708427994	0.02063514966921674	0.0724902944792568	0.009666974403651902	-0.018132156308753346	0.10818502157464936	-0.07541380656917057	-0.015660457098856054	0.026833422093020705	0.054742748991781706	0.01858460148016282	-0.030391247243061484	-0.05431934053852025	-0.026189779614500495	0.0023441958959292877	0.08032735405103365	0.020072482192216638	0.1371177380938635	0.011576678780573045	-0.014600579941328268	0.03598666720491235	0.0225579826462873	-0.01831133939827717	-0.058082256739357026	0.00508794247167956	0.02270358767749211	0.007440402945448237	0.005857991421932755	0.007757518151539467	0.00885320388962672	0.03701504323471664	-0.013996874792769773	0.01962368162150867	-0.02411332936596019	-0.0023862301990833995	-0.0
MMS713	0.1741518711664805	-0.04486587400717343	0.1576810939304703	-0.11895928280321783	0.11067310186039304	0.14793145251949782	0.07006027087598694	0.1792984405866364	0.09808362701125367	0.0010178360646892555	-0.1570379371585521	0.04016982995762351	0.04201761639339474	0.014416127653330644	0.14858488977082615	0.05703088740454495	-0.06904340958910339	-0.07788753166897186	0.03895590870193533	0.020170781526398982	0.027987055734558054	-0.0008218555833281744	0.07394913822646922	-0.037056318494545284	0.026434453081617456	-0.03239625417985267	0.01422635723951669	0.010977758989000974	0.023477204889147764	-0.08741623668634217	-0.03175663786992063	-0.07335698886821457	-0.006624721259897968	0.04760417333330194	-0.03478842033609281	0.02011873294292185	0.01431832682579861	0.023156325032634654	0.09132888035991088	0.025211841210013478	-0.02129390802293213	0.0061979884175328475	-0.03891135207596731	-0.010771449343865147	0.00012911679836601685	0.035642502899165	-0.04407084973953367	0.038097424513489964	-0.06895033164469021	-0.01984399963603934	-0.023944271963058684	-0.028234727055589152	0.0072308478886298115	-0.0331949267079638	0.09410942597964969	-0.04146721954601459	-0.013016367781651786	0.03148531944608377	0.02974184282892986	0.036692513804014955	-0.0
MMS712	-0.44524778597205344	-0.18242109904668874	-0.018569930649255176	-0.25800057983833113	0.06365984636382346	-0.06244139090136785	-0.059729812423558064	0.09206885808310554	-0.05196873529242361	0.1555096115138264	-0.11292273382133555	-0.005585081495573374	0.0724584114101866	-0.04763213950123064	0.006917657655446535	-0.07366968529186686	-0.02409064449555879	0.0046062197829034555	-0.06347223937264046	-0.13070803980215237	-0.07516223473544424	-0.008772605184317907	0.04696349457795646	-0.02207281981997243	-0.013042826130256842	0.005348647012605538	0.0191225025126525	-0.03037638627624728	0.01778833912544693	0.022568833297253805	0.05267408262876997	0.018830321714526754	-0.003725165145487227	0.05739383589211966	0.0036232648323763594	0.0644758800366238	0.0059470190597499945	0.019167870314834072	-0.0017810018153026188	-0.051642526991520464	0.001227538055277951	-0.019548718549492503	-0.015299054694518538	0.05222299779640647	-0.005947613432668037	0.0198613738909865	0.073718738706676	-0.0010084152049340855	-0.038172409109733255	0.03919669141528108	-0.06368407868611431	0.00864916980532355	0.036494736936385046	0.06556709241530403	-0.00829299395967079	0.0352979811605254	-0.01974339071179997	0.07606435503450329	-0.023323572697849224	-0.035524332012888404	-0.0
MMS944	-0.04590709951038602	0.215359406867542	-0.0772761358073919	0.06694824412457226	0.06948210490919987	0.0008427745822348821	-0.07706120813385704	-0.069508549659136	-0.04353058505345567	-0.03293918612340212	0.03428774806424115	-0.034933075926414224	-0.02354080765459512	-0.008569878399194228	-0.042581300773303084	0.06947527763953017	-0.08792128826632688	0.05729586664368291	-0.042512522316783354	0.016734127065613436	-0.14321537432086368	-0.009334130377845525	0.09211903274554765	-0.1656047588603381	0.022168458100805512	-0.026789378669686077	0.05728374107878749	0.019874406412470517	0.07990047744272914	0.001977232783643421	-0.012516214848282959	0.014722836895559041	0.10584500625017218	-0.005490187558872074	0.1311118311561239	-0.05177950010989766	-0.01700988262795576	0.018900189728088348	-0.028933124092073832	0.021085184327816656	-0.03613893763099939	-0.10622815597164155	0.02382360021412634	0.010655235502243463	-0.04921540276872324	-0.017929972297336182	-0.08401503071683365	0.008471352513394545	-0.04355337841103614	-0.026586488016659877	-0.006191719453147129	-0.025448051578023316	0.018905044552475075	0.03186528696212105	0.02424208821693478	0.007899925132341033	0.0070782537649397995	-0.017845145864340283	-0.024552518992078963	-0.0005636253452960361	-0.0
MMS921	0.13848472122917066	-0.06339879940834259	0.11656862940771207	-0.05639554249697371	0.19088512526232573	0.17342269205580887	-0.0935840513584405	-0.17811539481072963	0.013306633473947503	-0.051981412689110246	0.07592594226655323	0.023454136286503856	0.04497836693890694	-0.07108830877218479	0.05085562584150142	0.0035213667652483527	-0.20778002834789358	-0.02296858263700499	0.06668767968807145	-0.061922997904853894	-0.04435182400365621	0.03461993030120632	-0.07772882823125798	-0.014054512796497914	0.054014160195683746	0.06775843681117802	-0.009117678015974438	0.012928434352527442	-0.04175482159771046	0.0016604887738402442	0.06954848814293682	0.0229819946029766	-0.08795776570827538	-0.041919411381392484	0.0346585655017803	0.003717150109764046	0.020364790075847537	-0.0033662974977755385	0.06671140006376533	-0.006426811587431462	-0.057885208097261755	0.03808082934935506	-0.05065580836265146	-0.07158594703125001	-0.06013639787121265	-0.05240563391795203	-0.016772353911680492	0.06667474066445807	0.01805516670489998	-0.006414961045573093	-0.015377276580144771	0.03364710113316139	0.00753401022070284	-0.018848094491024616	-0.049000417020852255	0.020379222185653353	0.0025917786855858467	0.00184010532147264	-0.006517863911895361	-0.05078284580389881	-0.0
MMS942	-0.051115704394496704	0.21307363418049094	-0.08007943739927824	-0.0205251876982351	-0.008074703731155129	-0.007988268472992823	0.1600967907796864	-0.08261951335817015	-0.1666266149835177	-0.07278867803804413	-0.013190763569073949	-0.022621762679476392	-0.07382819868738871	0.02495902662125956	0.13095529623466684	-0.19159994275335973	-0.03542532710138941	-0.1664970505458144	-0.1684364685272209	-0.07630215380884359	0.14243366576601024	0.0726562921598878	-0.14304601337790837	-0.04203988395801781	0.01797927142812539	-0.02914839586860793	-0.009178936488523234	-0.020496858228235514	0.03637306331061496	0.06055432612758215	0.08838482893859707	-0.002457221890823207	0.04376063069222212	0.015728770951856062	0.026953987520481282	0.006065604853064603	0.020754027616986897	0.03035591876967643	0.021916938231390067	0.04123099637792444	0.03596234339687225	-0.013340656495068224	-0.004233968579558491	0.029408058763510523	0.02506134015083903	0.019749837019384923	-0.04797819054659898	-0.0027040654848065294	0.03252059786628644	-0.032101904891955246	-0.007631446471831269	-0.00685061327833991	-0.0013927490171108542	0.0010094212336024234	0.022292766309708424	0.003206290239344181	-0.0007912636112753179	-0.006178689829244804	-0.0028176977743459893	0.0020485081797920225	-0.0
MMS943	-0.2348892413695022	-0.06965854297467858	-0.07977379020899443	-0.2182878046617353	0.161027771539508	0.00042032580666688865	-0.16219567183842745	-0.005806379665352782	-0.13744658911886873	0.25537369411188815	-0.13032079412242487	-0.07086295333792694	0.10617263652260313	0.0689774844829235	-0.04904134891821749	0.07682913042848741	0.00825455255146149	-0.07028710714106322	0.006167771866078051	-0.048021990130665805	-0.045926503821231195	-0.07119858908873487	-0.06711050304090227	-0.0018904455209253187	0.028500314748364727	-0.044265277313533975	-0.08496112454696723	0.0142316928291687	-0.03083072134073629	0.03423229380976724	-0.012451336408104455	-0.061006276497051544	0.007422119338448528	-0.06828855769755601	-0.018205836420531037	-0.020113640834768003	-0.016185245628649123	0.0023790789894001805	-0.03855216627202472	-0.006070094815143178	-0.02833768599846756	0.03236987354750753	-0.007650824803497775	0.011147829235865249	0.010796357295190474	0.024625422858008863	-0.06624564712860849	0.007314293013357905	0.04503684926721597	-0.008214772901065542	0.03574755716575332	0.022042650565383872	0.0004471501576836973	-0.035065344819533245	-0.01230047264253108	-0.014463941332100168	-0.01586372567183616	-0.07532672697102774	-0.01350001182697742	0.05399858478639422	-0.0
MMS908	0.02893932515664695	0.16922563526743342	-0.04149640047441241	0.16538417261523447	0.01896770253509972	0.004536528981962107	-0.13388062422142932	0.04692668634017357	-0.04319888995695788	-5.992810480849032e-05	-0.002192397212687573	0.05911578657741217	-0.03362595905055263	-0.03203185764541777	0.04649974892172475	0.030459635021641236	0.05013536019534108	-0.10465214067067242	0.0774010134544499	0.009233048127032425	-0.004844440330900813	0.0014858468575078135	0.026706530381781522	-0.019450377822964434	0.12995836003726727	-0.007725617978702958	0.10495223323251658	-0.021570527312495476	-0.006077672638287658	0.027701290526635856	-0.03879966731455212	-0.07031940153779834	0.12242483747800906	0.07441072419860913	-0.09693786658815128	0.052096218697935584	0.07350139018809276	-0.07010240326711706	-0.010392921777170421	-0.030727419432048125	-0.0007752387206969466	0.010469907701629507	0.0021841268014727083	0.016245741887332497	-0.012126284621650062	-0.0345478752087958	-0.05360308963868441	-0.025618666614203166	0.026239090556573277	0.046214761244324026	-0.03638933568099931	0.03130436325479455	-0.06449442048193675	0.0007769089526305318	-0.0726060787861514	-0.006937853861297339	-0.043966507195714405	0.00643450040814748	0.013380579420345654	-0.03165937534762339	-0.0
MMS909	-0.3500382674520735	-0.03513552778709821	-0.022092355982328934	-0.2085469706951759	-0.06851953148203954	-0.14668436864335538	-0.03158027972623249	0.021505163340156917	0.06620037933707565	-0.08983591688241173	0.13570034571633535	0.036533789962230986	0.0009758394604892916	-0.011776601059113352	0.10077092858231995	0.06636915291321828	-0.07311974478828423	0.03142640790555004	0.035545440797398645	0.1104866079237351	0.09302492650219077	-0.025653910350316673	0.09602745121073282	0.009730729192480931	0.03289927571592417	-0.010061018535830303	0.022617908613550584	0.07142461954908001	0.019175032842460426	-0.0066468527341563615	-0.01831356116458227	0.022120496114349263	-0.08424160205086598	0.08950630173414986	-0.008659023319891396	0.006844590091261804	0.033938539425534354	0.11975623832422932	-0.010450420071066554	0.006652285566988739	-0.00765645734353131	0.004489952721724214	0.0512297711046098	0.008970753674940435	0.06889999886853475	0.040713923498888416	-0.04498769547485933	-0.01473425569520442	0.05654111558166154	-0.017182461270624984	-0.03284840570033672	0.012574264500680108	0.016713387147818934	-0.03075657241714971	-0.02906269262464262	0.05180123999844531	-0.015281884594948916	-0.046152915951801106	-0.036652555600791455	-0.007724823060134626	-0.0
MMS928	0.07660581291580736	0.12287808873732356	-0.029765981846476452	0.07146826447648702	0.016476890973819616	-0.08501073389004726	-0.0502382751698944	0.19653850560917718	-0.04677483845746775	-0.04201261365389302	-0.009096982923526238	-0.12451705514712055	0.06186617212003336	-0.12834029069191855	-0.10949405123611224	0.10387221902747656	-0.07092047107801565	-0.0437945357449577	-0.0529888315146884	-0.02426424684648843	0.12252837216161652	0.021108091576558827	0.02262624504163572	0.022245933890713044	-0.053553941751834894	-0.029202313083961477	0.030246852789437253	0.024922711190311125	-0.0015787054012140148	-0.035184295049990114	0.05868004721896606	0.03358110575284141	-0.030158882140442378	-0.021359711022869675	-0.04906056818658369	-0.006526599472388864	0.04045935670451877	-0.14715044398015392	-0.0006547084658224474	0.018031038129136943	-0.06344461899824351	-0.06730457107859472	0.03096026284871268	-0.024146771568046378	0.045996116936443204	0.006905580529643369	0.009618259466128863	0.06975097808617899	0.04980539110188157	0.013792152046709508	0.04146888742550856	-0.03819328183398864	-0.007164444583847766	0.007034159166803168	0.029749092195684692	0.06630986969056359	-0.01768945232271788	0.017894192670801418	-0.02111247671571111	0.00988046784728122	-0.0
MMS929	0.001285809974790873	0.20112100215363302	-0.05369521667874797	0.016954044006296992	-0.05295816543993034	-0.07687232969043525	-0.07119164161795373	0.05276655118020384	-0.014798710224771137	0.09890677609121279	-0.027957600835985166	-0.03849551342610301	0.07523497758142919	-0.06769850248313762	-0.04777982770318878	-0.05637086247670362	-0.004066173801845236	-0.03339584146727825	-0.09395164452151497	0.07131114098785588	0.004855225880265947	-0.03310181390544754	0.0800545302051621	0.008419379506203178	0.06661814995933588	-0.0006780011122431836	-0.06851210067589036	0.019885416762472158	0.05326455140300909	-0.0235172823242889	0.06776044722928748	0.009833684835475096	-0.06923625481985195	-0.011523442583266479	0.022531042105913102	-0.003168019399979721	-0.005569618490670811	-0.030796307276174474	-0.054259354542938135	-0.005645840587926096	-0.024759349306956547	0.0019667331133354582	0.010196621152671316	-0.020009997205101663	-0.0032443406366268013	0.036374687880340824	0.021427250162901555	-0.04870455798725932	-0.04182263740640471	-0.08398092804137258	-0.03677422531358415	-0.006432058702827143	-0.05619264143554229	-0.06627611403331955	-0.024041066964152032	-0.032307602836473916	0.05860532050069549	-0.00157715248396976	0.09154440915617112	-0.06591769638240705	-0.0
MMS900	0.1075002887495725	-0.004243391293489924	0.1096989743549517	-0.04548531266593526	-0.26264037030239246	0.02883464469097818	0.03488894434794324	0.0882003566823132	-0.21465822510129917	-0.0811438642734838	0.03648201782130243	0.07423603205580302	-0.041790287288316075	0.1591377644470497	0.09540055070301197	0.021245508478327	-0.0575497270246738	-0.04417554808158696	0.05014705316021981	-0.0215037535616973	-0.06233820534577773	-0.1313517930498502	0.018806456787924156	0.006599183261187315	0.06508883471555733	-0.06937870255417314	-0.0024187241261546194	-0.007959424214348716	0.056429469841689534	0.04991675234012151	-0.01375643556189778	0.03191050495771507	-0.11250873824884688	-0.04196143408211731	0.020129976813915006	0.012485240518654241	-0.0638905759257491	-0.06712389404644789	-0.018154974444365157	-0.010914478362859829	0.03637680870226027	-0.0795803439001905	0.04802099613476275	0.016737317683968085	0.023171349133944547	-0.042071485865443244	0.03437978136998344	0.04931957030725531	0.0020294799542891666	0.015270145363753238	0.014941102348252702	0.047958843701350166	0.02864188686974974	0.003259197747146849	-0.013848431579806444	-0.04382407271009059	-0.03862968973925994	0.01102160182450128	0.023000694363627998	0.004808284016282824	-0.0
MMS901	-0.20710071994005932	-0.011941872097634866	0.12165491159272973	0.07447550773943104	-0.1641510503479643	0.2977574975614161	-0.003998066919623697	-0.0023423902808858846	0.03174909382023059	0.019171210897592838	-0.007899136014120822	-0.0008641810589773769	0.017346720861993147	-0.10236490641124689	-0.05439516974918017	0.009163824995369708	-0.12695926196126428	0.09364904382443846	-0.20501077634315432	0.09477652721262267	0.0010398569045434332	-0.10275445651185841	-0.09614379299919662	0.0035254549048290475	0.008442005382288748	-0.06807543512885704	0.040711113923967736	0.031744186121863985	-0.11663800656214053	-0.035068253051365315	-0.056511445384209866	-0.05073881724994276	0.023471200431268262	0.03808869013091657	-0.017818963750735817	-0.00509171299036804	-0.037434157898358036	0.025858871588217452	-0.020951030512136072	0.06023636415689914	0.03550084282772216	-0.006958773877033933	-0.03502923134036337	0.031938671242614985	0.014313654193812522	-0.002074472846752367	0.00461540008778299	0.018369682381002065	0.022473242779927342	0.06371976933428339	0.0022776819412850887	-0.020632234682336336	0.025635262663712147	0.013863636796772705	-0.028640654515790717	-0.0029706366245639874	0.016384998717210685	-0.004261892639486684	0.048120550406407565	-0.008495099452192822	-0.0
MMS902	-0.2898877382858238	0.028617065318984152	0.05671541541833933	0.09696844094550135	-0.04437917466327088	0.1609006319951412	-0.0006448130357989566	-0.030253796478351743	0.024210677619818873	-0.03140287694153556	-0.02764789552043967	-0.05745053000903051	-0.02315023982243314	-0.0732418823943427	0.09227434872209678	-0.005441460752572891	0.1949153341490759	-0.09771427171421827	0.033795296578572644	-0.0712885987653358	-0.04123115617007219	-0.03530393470707108	0.02904416381602751	0.052898163857037224	0.011332044359953443	0.04129050641515669	-0.10900667609301726	-0.009465166535819147	-0.0409430853528115	-0.021377916905716183	-0.0083960032839868	-0.008033696714178628	0.0015011840502464574	0.05826236924915391	-0.006999184504922934	-0.050548249599630786	0.032522774739289204	-0.011643203297454672	-0.056696599398384236	0.08453551564229807	-0.004564962601002706	-0.0672987319549217	-0.004613934888100649	-0.09507468514209427	0.03650584811460892	-0.0876810035903757	0.006790626194334127	-0.006678228139340034	-0.037952303647191224	-0.01678108522919134	-0.024074092432529535	-0.033513371954830236	0.0773332125396745	-0.037264388437670506	-0.03010651416322442	0.00874741316986514	0.02359335109594567	0.007645818451947763	-0.038977557387726396	0.009586581667400002	-0.0
MMS903	-0.10483842591215417	0.07937366426996573	0.042067772989614165	-0.055289518914189026	-0.1170390518299567	0.05204569690611721	0.04598757706845526	0.05684019967009936	0.11614076924104731	0.0663422203346345	0.04713650322611381	0.08785368072657462	-0.019676016172659037	0.05700494139096471	0.012062849562443183	0.07305467380993962	0.006963808740572852	0.011235271263766758	-0.004178038647855535	0.08604207082561073	-0.04078368944795046	-0.08028337226071744	-0.11153595290711678	-0.040128682304080586	0.005366129830927137	0.1323954841146567	-0.10026426574320856	0.021546027631695577	0.11932405589734321	-0.03332651431020205	0.07717381500956667	-0.017915594031050513	0.05853270486569494	0.0376131206292435	-0.07856504852187533	-0.06104989494818816	-0.005805812439444409	-0.010177468341325826	0.009464790491061748	0.006124744940935891	-0.03474108641716567	-0.0027107137871801366	-0.0496442956731155	-0.0016033113778597375	0.04097837743408928	-0.02735234508178852	0.014042702821061973	-0.017198268756878545	0.00920411547759752	-0.022533940927935744	0.05868240869118322	0.07784400528421467	-0.03639456333191276	0.07134751806195601	0.05418927734076996	0.026758284544669435	0.008444150280964461	0.005376333737858406	-0.014202814497429323	-0.030155663860438168	-0.0
MMS904	-0.0697348812302735	0.1307454519823808	-0.0077009272863629115	0.04984474209386375	-0.11352210868992037	0.05025844959875821	0.002066251878883745	-0.026808577578304137	-0.0050733266028086975	0.04282357509501993	0.09170533970926156	0.0730766888382702	0.019603553370826962	0.0563936597760425	-0.02174836498078792	0.10431427929068067	0.04634347184168951	-0.007500495177593866	0.04714845325170462	-0.048587305572929826	-0.010767133274472098	-0.035412361980608285	-0.06412523269311853	0.10506813244645892	-0.07941393010135184	-0.01334160863560423	0.08709536514142667	-0.016731320092119743	0.10616621124484799	0.08077989626390968	0.08137494681899068	0.04510138486974457	0.03702706450641657	0.060085858130109394	0.05879786908381314	0.09630336074778043	-0.008728545163255613	0.014339736165403474	-0.018167373445642447	0.010699153018960553	-0.11068705356671146	0.07278759114764383	-0.026657008254826642	-0.033175477963691594	0.01064896389276176	0.030347491304109474	-0.0051693803890139785	0.007589918067249418	-0.02428558842957506	0.07962276503644583	0.0021169877034614543	-0.06638971672715968	0.03260289432368444	-0.03823334967543184	0.02771922107349015	-0.025064430573379887	0.02014546063375965	-0.029975508876379363	0.022839600441778168	-0.0060228162074739446	-0.0
MMS905	-0.08056818939443691	0.02567086856632508	0.032421606903057225	0.07222542798458645	-0.09557035275509182	0.06316292486706651	-0.06741537307987709	0.04625714755042454	0.05791260888444978	0.012186537271996516	-0.032954603369479404	0.07037459124276062	-0.03344586052003291	0.0651783829283729	0.007263637453439903	0.07008812248853262	0.04894195736507382	0.018457739592373512	0.13717582782888957	0.016677442759257005	0.053644718507991594	0.007530294950681833	-0.049636580798160315	0.008560102800119521	-0.029670927186538	-0.04126800700825929	0.007977254919851452	-0.06465733156132648	-0.04720009934224817	-0.020961827479221033	0.03753446494686339	-0.017911872775526257	-0.015460425499879792	-0.046889033270026304	0.06474828807755521	-0.0010192431989110475	0.011695498006073442	0.0015673645837820038	-0.01410769514062736	-0.006576942477394304	-0.03666249489706364	0.0031142370754756875	-0.022703806417062836	0.06324807530290676	0.024215733034032936	0.0302732668916988	-0.036793706590266255	0.035837314150643264	0.06985069004630313	-0.09877930360380845	-0.061858808257191845	-0.04034886860454587	-0.010996521293901806	0.09115516560983293	-0.05997826335578853	-0.014885525802165903	0.07475760260137732	0.06352103412475996	0.0031799192950935024	0.03235935671934719	-0.0
MMS906	0.11066795763845268	0.13928707913761573	0.016340883954616574	0.01196123061520752	-0.12014335663163171	-0.06960490825949507	-0.1816612929359543	0.020793764659440616	-0.07455464411255662	-9.348717979041581e-05	-0.04420462157210204	-0.06611774130797918	0.028471147675626758	-0.079642589612544	-0.008048439405609915	-0.12240604253003337	0.09785084175086535	-0.00204209006805313	0.02566784717976158	0.06794494934956619	-0.0025326151364137234	-0.07487274617693193	-0.030436360911992318	-0.09421476263963315	-0.04544814960340051	0.1958285784359444	0.11409172656862716	0.0711850431404719	-0.04254939819413295	0.09373652136484964	-0.05809974506988555	-0.011496031042775863	-0.047553460536150366	-0.013640318298215366	0.01989278421534311	0.07353624400383012	-0.020216631753858356	0.0381562234620044	-0.011099168275867403	0.05978846044232339	0.012496579477094271	0.03219943533896105	0.005723237134839153	-0.03163304840081966	0.00919328836103413	0.0343776918125658	-0.012504391797206874	0.05678515940839137	-0.025747217207687002	-0.015836372184705873	0.03027238653041932	0.036492616711486674	-0.019827656449178124	-0.01001163306327571	0.015780204120295016	-0.0019485129536714212	0.011018010871274677	0.04792527430600776	-0.015730911410841392	0.032394797042280044	-0.0
MMS907	0.11680273642627696	0.10607054621835194	0.008862819135710688	-0.02516848013234038	-0.11418261210591349	0.009132800920354562	-0.05096305349672305	-0.0008909666940100587	-0.03759918107062405	0.009439907158032926	-0.1701365868270482	-0.027868157298713947	-0.05494298420712517	-0.07856751874266767	-0.0007603043252056957	0.008177839414883262	-0.04913967129383828	0.15000756109256996	0.015036062301400758	-0.05106072522716579	0.11225686527326498	0.04277677694030633	0.023162663316837546	0.06698335932733333	-0.05274952764263668	0.07536872441644941	-0.008620953436486159	-0.05493723493696616	0.12830579850267618	-0.09099248089640541	-0.018109525448263386	-0.008279446772916055	0.06390828814347481	-0.022730326832379383	0.016729759338756048	0.0663598994370667	-0.013477384193644098	-0.022837728570785927	0.010948181765885676	0.020749692726777236	0.06902298017637976	0.02419481517293926	0.0018464035011585076	0.0020338429746095442	-0.00013294214697220447	-0.03535761934506202	0.01707483808725414	0.04569016083076691	-0.027535053071489287	-0.023670303648750963	-0.059621416239190254	0.06511942466165103	0.03363989724473995	0.009352205352326838	-0.041434694294371806	0.010821552626558819	-0.0015250725185850097	-0.09125591438072175	0.007190766451555697	0.021542324272952454	-0.0
MMS919	0.09108704596989636	-0.0003675181276485241	0.03908136969086011	0.05088342112831572	-0.17009174785785486	-0.14308223030412406	-0.04089753129138492	-0.08619292835103452	0.05758579207672899	0.07140913415397507	0.007388681767599485	-0.02575703929197827	-0.0033957100147161004	-0.10314527904732171	0.003544351905105874	0.05814944092767498	-0.003266982569306772	-0.008641391756413352	0.022633374451899838	0.038457033435330426	-0.02654743977185306	-0.011549821365605003	-0.05763780316655643	-0.011597380763492192	-0.12010200728146837	-0.046350487538154746	0.013916774177761139	-0.12476997533165293	-0.0013397316716227718	-0.03752233854956816	0.042557189954368094	-0.03195774867104982	0.00810707113739395	-0.011234798722586205	0.04715294757329043	-0.03717429987852606	0.057539303911537026	0.07609602279891559	0.035243301444946785	0.0037714368881989237	-7.045932944699448e-05	-0.10102203590622785	-0.0679750611421083	0.011772052939731862	-0.010298884679106033	0.02758610404625065	0.05589004192356202	-0.020640745246057985	0.02005413079968179	-0.009168923079332258	0.013078971765483867	0.02953487423925875	-0.03401658551948351	-0.0883477078023488	-0.024909343242164206	-0.04309466332614154	-0.09143022496975217	0.026953672672387626	-0.02086924772174732	0.0044161931075735955	-0.0
MM943M	0.20512617821356943	-0.3137061250193607	-0.44533036705771484	-0.12067754150831507	0.10855861158232605	0.15325641362691658	-0.17383251495970448	-0.1449071884537043	-0.06284350803407607	0.16305626581255664	0.11490031876605496	-0.12908751485714556	-0.16725294136163785	0.11448984202531998	0.029604695867424095	0.06255176980805735	0.033851231198465385	-0.011084303529468147	-0.05258930235901817	0.0581848801718367	0.10591788605397318	-0.02048819215111115	0.028231133120293853	0.02516592415876665	0.018404034796724623	0.024599147335430425	0.065703013047147	-0.06577745047900194	0.015813573179585774	-0.04807287092942663	-0.0483800307856323	0.06745647295037062	-0.021879484858897298	-0.0009070254170945974	-0.04040361673424001	0.014936826828028412	-0.012170269388424837	0.015326122706449662	0.038081475646438254	0.03571205649101907	0.00247669592495552	-0.04020530894080658	-0.019193685755830456	-0.014422113884661815	0.016139166823937647	-0.0332739122562672	0.01747704623985012	-0.009644142545543815	-0.012297599328723739	-0.0026785838652887543	0.005890682993508593	-0.02027875060115395	-0.007104242916780733	0.015238433612113052	0.014984142493464938	-0.0035946223405342627	0.010820392578595898	0.025732111400383596	0.01658048302196653	-0.011411398158344029	-0.0
MM941M	0.16500649900613534	-0.3415021041720192	-0.3410763758611419	0.01656598681768498	-0.046185153727457386	-0.071813203405088	-0.06120651526445561	0.09773550447789582	0.30016292423358865	-0.17675759244764683	-0.24388380625890893	-0.11272458410576529	0.04299987281904359	0.062869914028248	-0.055801253249157724	-0.06348029864993143	-0.04949473016244707	0.01735276488763582	0.030830640358296683	0.019756667796963463	0.018351929796374723	0.020483768038107194	-0.09497096604425093	0.026117976209605154	0.054307577763710875	-0.008812041830565217	-0.005418869582443654	0.021341394247830856	0.03032519815589862	0.06600889275145363	0.024622904531186866	0.004232392518654157	-0.007142614394495078	0.06787700192219408	0.05710507599756809	-0.03516620535694654	-0.010352967979996405	0.009037187562340166	-0.039005823728299395	-0.03616890347784736	-0.005961611454504061	-0.03205997396016688	0.015683274029954022	-0.01834836259811077	-0.0005823941945741167	-0.04005604630557063	-0.02892179913999566	-0.006979522204725549	0.021750536940315302	0.04506738838368035	0.005899802349066056	0.025068221546863195	0.016026885109511564	-0.012932400256173517	-0.003529097594036175	-0.033358553962092585	0.01273228155440431	0.012431793088713991	0.0059195862272107104	-0.0012249047026037813	-0.0
MM936M	0.1405672144538384	-0.26006544456696523	-0.3648091720068285	0.14415008272216312	-0.008415088349325769	0.07062205842553594	-0.05414763707569436	0.18104545596116237	0.11133543402852544	-0.03271057707039359	0.2548439716064007	0.07334373385918136	-0.0024964976776273313	-0.12124480108149016	0.06481476624337552	-0.10811631935994932	0.014188448544709032	-0.02895627051615159	-0.03802171058583683	-0.09171246752160991	-0.08154723277391776	-0.06693451516441273	-0.008772512277981995	0.0367900577716351	-0.02489816245781141	-0.0384123163142912	-0.06586142084592195	0.027143429298636154	0.015030574687386479	-0.008599592402846827	-0.06177384340676119	-0.05610817779090132	0.027003296889779375	-0.03531482996932628	0.06122690517638498	-0.00015330235758587916	0.007934317899105108	-0.049735938056565655	0.03413868150329954	-0.03268556790738838	0.013761541970110975	0.03844093348222669	-0.018573385648514323	0.017891527812600234	0.038674280971809735	0.08602287529140563	-0.001709747561112908	0.03252936061412267	-0.041065407799104586	-0.025882610691517843	-0.0006787479411239165	0.015660724928254217	0.0006588124001328614	0.006644327744758316	-0.010901533117999233	0.010250667317777531	-0.01235342158965603	-0.026628789524093744	-0.019926720621289782	0.004973768037553109	-0.0
MMS706	-0.119838641606993	0.06240404384111138	0.06041700382948798	-0.04713452876508027	-0.1243396570257835	0.054421072850142006	-0.07485504149977744	0.042442176366231474	-0.06043120722758686	0.09305417657872118	-0.018566039352892468	0.04863881807027492	0.0704585574776001	0.172620688610028	-0.019566101434838685	-0.1583401136011892	-0.0022605454552162055	-0.008602469046851434	0.050845197025954365	0.1251564517062487	0.013083915889657186	0.047414647722983455	0.03972339266449265	0.1338309284976942	-0.043363710707579224	-0.00047253354557790536	0.00822819361617497	0.07434320785475527	-0.06711604533655291	0.022427003225291287	-0.04188059703211219	0.029810565587783687	0.03626606897729439	-0.013921792243132308	0.11132288108090099	-0.06487823645971941	0.11395737025219532	-0.06112842165366446	0.08820337842474475	0.013860855538013384	0.006184819728125125	-0.03267058117776162	-0.037388268446054355	-0.007572316038561431	-0.04131613362103201	-0.015060475962497575	0.003965875155936649	-0.03414620382030085	-0.0030564320318431115	0.02148842850178993	-0.022129812768359812	0.018544130677403337	-0.008446536918859002	0.00514992910891395	0.036153444467472394	0.055025591758864394	-0.006737684810196076	-0.020167042427287483	0.012812058240287047	-0.0002856501399092543	-0.0
MMS707	-0.26742844394570964	-0.049443502153719204	0.05008426627615871	0.020751218787761656	-0.2342726481726566	0.30611136394495636	-0.06685269130623372	0.02482720301704432	0.10538979132719724	0.007259760343565366	0.021929916548775043	0.042750151755687076	-0.05802295467257348	0.09230369859318857	-0.14930027197500398	-0.04676753184600711	-0.008006065003781215	0.045278470040696454	-0.11214010727489136	-0.012340116142056518	0.0026950446592850265	0.1125552336383926	0.05582707376336503	-0.052105692683260256	0.02082814395786992	-0.01173869846470959	-0.017402211111655037	-0.008061852383150556	0.014624231799991975	0.049742678920432715	0.021030293980777878	0.023660504260177656	0.015339046006355838	-0.011679338937511937	-0.07454854678004957	0.051316968709391175	0.031716621077239944	-3.6908428725059346e-05	0.047592299853491754	-0.064226852706018	-0.022828367907082595	0.033340563105982636	0.08847559331042826	-0.053780809903754966	-0.046064076921407265	0.005147163741162726	0.012132778981443295	0.002829483316656579	0.007918758586613948	-0.07473053259993864	0.02553545155182339	-0.008347187719110487	0.00591381348462126	-0.03746677838013002	-0.009366315563949524	-0.03829193316588765	-0.036169246330454465	0.01347997306067533	-0.04429463350586312	0.027487166310891133	-0.0
MMS704	0.10452531595604732	0.011488271031305387	0.048029818848489114	-0.05233768646442678	-0.037650512887272454	0.0596002668061205	0.09018734367004251	0.19920361527713448	-0.07376112785981703	0.06832318585072633	0.16222691664122144	-0.13227027781335207	0.06889087963120673	-0.0262615523479565	-0.09351937553212117	0.09480865697551749	-0.09124990791740256	-0.07246073967021559	0.12659915990157378	-0.05695649545131378	0.013750433719829886	0.14078123403756476	-0.027926613827256253	-0.059760121209863085	-0.08110581080405661	-0.016389760270601555	-0.06720094438314891	-0.005423884832296874	0.011317041501113193	0.08480442322889133	-0.11433522575029217	0.003563063079508967	0.05778412012657939	0.03881739901567781	0.004099527900861038	0.0035012330583271195	-0.06371262239650263	0.044261966819112035	0.011022677163930586	0.027438261010580237	0.060323846924213276	0.0046624653438497405	0.013633460208292305	-0.035639318019771944	0.0055210772531045895	-0.018245295349474354	0.008942945566392298	-0.05452019751922637	0.03664550716926714	-0.007166397994127469	-0.022789748925980114	0.039837124490587225	0.01795946782937816	-0.013978720731969653	0.0031544385411862398	0.007036095780627956	0.03589759801007998	0.03393747926380254	0.035109413288183934	-0.016433056636923963	-0.0
MMS705	-0.02879670190229828	-0.09805124279795968	0.03353587091268424	0.1688430543813511	0.08104716392562884	-0.12265473502014251	0.19254351936967812	0.0067749842091376815	-0.039003625902604956	0.09108031466273507	0.05779961699837264	-0.10729664627368889	-0.18038736092527544	0.04259472562166451	-0.16955607601581263	-0.08867929865970847	-0.035506246293703546	-0.02205673875321906	0.08267855512854284	0.037810273780339486	-0.08720964102386168	-0.046576649992169726	-0.06400811355467917	-0.014921381857217218	-0.002996637025894635	-0.02124383146791218	0.04656455692353174	0.07657060926340994	0.023172320863069525	-0.038275132346689084	0.015543542937627731	0.035843706177636575	-0.0344581114710209	0.07800244795745646	-0.07243889712654503	-0.03507834863192296	0.05377518912896292	-0.00469138445727214	-0.04145928313738521	-0.03208095921481786	0.02030275347350689	0.04394701385247636	-0.05236914328655155	0.06767841470080779	-0.025513025484523066	-0.029282578580629333	0.0034986220990840208	0.07019062246205389	-0.0182786961127979	-0.048542927348076706	-0.0537161623006706	-0.005743127708025518	0.03943796008951535	-0.045581419494062345	0.010692755337072816	0.014889673164317118	-0.008174966722258646	-0.006096258928665839	0.007900075250460662	0.025225468710084912	-0.0
MMS702	0.305355305840092	-0.042921277441719835	0.11358019850449871	-0.27058201701796847	-0.005956816644194077	0.007157916315650736	0.01726822431636315	-0.04361491477620871	0.03652419540916602	-0.13630787158247087	0.0007497130977247471	-0.044424662814125083	-0.04875675735909706	0.07225294212055405	0.06493298683032635	-0.012995326345032907	0.05914374501641503	0.02086916009467308	-0.05793005448008844	-0.004198826827354688	-0.040980903728356076	0.057930760426382885	0.05796081780137163	0.030582713469387224	-0.07568556791332953	-0.07455222825697186	-0.05075486825896023	-0.023451025591515164	-0.03337575774391818	0.025262286485524994	-0.052212031522129165	-0.027901048600810243	0.04477754521798214	0.02271999053051436	-0.02793605458650744	0.0699044526366012	0.05124061885096511	0.0073577320889124135	-0.10782584005675645	0.015242792672137325	-0.0822029757863741	-0.0035625631699031757	-0.03238518561267784	0.07911762209273708	-0.05537069867947453	-0.0017176948845020613	0.004513839939376037	0.051645767060023155	-0.01961623832177608	-0.028839119512249593	0.08693408573396103	0.04324546322495945	-0.004926310463014457	-0.02458358209409848	-0.023901542099340787	0.05859451411092105	0.03267941712871989	0.00875804438427913	0.020310948145669912	-0.019940659931260624	-0.0
MMS703	-0.4083421494546175	-0.12248616767153703	0.013373271210084345	-0.22424118252599776	-0.0009247779216323366	-0.21047700181150011	-0.0176496286213207	-0.01403586474390991	0.0004536001764299416	-0.10836485538087455	0.1299391388707054	0.053191020373372505	-0.03539670043373124	0.019372033055733488	-0.02609907580998491	-0.03476475402513278	-0.0317766975679645	0.06281503532236701	0.021682256788156353	0.027036046831763666	0.020915868015386866	0.14680872033125514	-0.025684618604913754	-0.010730986650300494	0.034806469525806544	-0.0034287187388222034	0.053127312569256686	-0.008442119437080233	-0.035672055339248734	-0.05773076571580523	0.027218495136387157	0.00034778178557760933	0.024178860445661705	-0.05143338900784393	-0.03868011739485557	-0.03091988937640226	-0.06149676278881151	-0.11567101963205592	-0.05261896057520246	0.08002414396398361	-0.007134509988332312	0.008647625681138225	-0.07819061394147794	-0.03597438066040865	0.010872954783472326	0.04439433265118479	-0.03367756338741815	-0.03390204303699285	-0.0646319188420539	0.025980050111085957	-0.0010882662184162435	0.03700648979439685	0.02132971164617297	-0.013895043444482705	-0.013538580292855597	-0.061617364163207115	0.0032287971853148744	0.02526444739628177	-0.003368104486695844	0.02682920226921258	-0.0
MMS700	0.2036787661453993	-0.052741802730656505	0.045323252686203415	0.089347626238138	-0.22668310170262682	-0.19229823618876826	-0.06563141775848776	-0.15330366909576962	0.053718726760446166	0.09920590266747972	0.009623971212226495	0.023292494109899923	0.11143844503462916	0.03393044959226638	0.06084616277468262	-0.03162751081416856	0.0020970327527792348	0.010628558944074318	-0.0601113950218767	-0.05477511645717274	-0.002835985502510947	0.014275443087546929	-0.014401120806132397	-0.023933506954472546	-0.04313806445509005	-0.020741332526877918	-0.052729475755235	-0.1005363796958839	-0.014295141446851345	-0.027633866190869574	-0.08256976318875484	0.04015734562774985	-0.061062773214166144	0.09828774056979735	-0.03187418532324946	-0.08505577075493223	-0.053804163324703266	-0.046287315086942324	-0.03384391230093891	0.04668561528569125	-0.026292249573252036	0.09038970943484836	0.0529556487687365	-0.02308846395887501	-0.06691614239405744	0.001884110785682579	-0.0634046572462105	0.021941686887866366	0.005037281139719771	-0.0019435753147322209	-0.04495823699951995	-0.024803118237007152	-0.016838721449610888	0.04468919773147294	0.032164772222754524	0.01857098841119393	-0.053911676844039844	0.003580862471015365	0.0021909473472284486	-0.007921828208293439	-0.0
MMS701	0.30480095663201234	0.028530739467002447	0.07801638533297733	-0.22836545609410464	0.012170450019536528	0.07787941679352883	0.10663630764872935	0.033811535968589324	0.06925185234979538	0.006545569103700606	0.05080598461820809	0.05039144466645973	-0.03023197720067401	-0.04574837353864984	-0.09095453943490764	0.025191732442360774	0.10645393489123763	0.05894671994282229	-0.03914048260663912	-0.036690318045118665	-0.03105012818023225	0.029207917608798612	-0.03665929916875986	-0.10326535177754509	0.14419069855233813	0.036736273427454336	-0.05210957058549833	-0.03779727599120211	0.01846135677869029	-0.011649455941772309	-0.0461693032647123	0.04725479937560101	-0.05759916715530688	-0.03522815877411242	0.06738101859056873	0.03174806777740773	0.12842388225060264	-0.020506037734214114	-0.052213966420272435	0.053682136958389214	0.010729891910246541	0.002756576194722672	-0.006828559939240838	0.020977946899062197	0.01265333300871214	0.013232789355375234	0.03993371238571589	-0.011624339246619946	0.06089553613768575	0.07176384785589991	-0.06700707772483575	-0.01635811206934747	-0.03888371027564062	-0.006791327350793529	0.04410125458877463	-0.013086525304823246	0.005631022119909858	-0.020755811535257494	-0.014476527487827573	0.024474649573266335	-0.0
MMS708	0.26710938948259366	-0.024475357121296924	0.029170686562901036	-0.04358749604146139	-0.1768947277500744	0.018900966923761277	-0.09840078750425338	0.24896897149857738	-0.2263513983244911	-0.06504302866403583	-0.05209121954438604	-0.10800097294489178	-0.09816049806034274	0.0006996381594314696	0.06278078305026297	-0.05358557135668871	-0.01727900750899904	0.16301081175289353	0.08220428630695868	-0.09759094442613467	-0.08321720843371033	0.021013503312303988	-0.03548601153986353	0.011192977647930225	0.05253037940923218	0.004899347933295226	0.03418533451114921	-0.012078630926580838	-0.08150421124878789	-0.0494834355913816	0.06459628101095766	0.0013191929541400505	0.004016733004543964	-0.004406298809355287	-0.04009924432669954	-0.05695993602805144	-0.003133475207412969	0.06384233179448531	0.0063157981553575646	-0.0029188330600088837	-0.01748787102435089	0.040331903204758934	-0.013977567795432065	-0.0066384437782150115	0.012407574323803723	0.008590746240515878	-0.0038059701198657047	-0.07508047315600673	-0.00905884193697902	-0.012840244441198627	0.03493707528232334	-0.07477564724309875	-0.021473774327207294	0.0038772091904444007	0.015865812116934917	0.008027620626772002	-0.00354691404276032	-0.03342642674060112	-0.024961071038117108	-0.0369886271744881	-0.0
MMS709	0.12878103212797268	-0.04949813406522407	0.0963553177781898	0.1849217885285521	0.04140076609553533	-0.13752283860920148	-0.12716115510136974	0.009680225441541191	-0.004387408842533666	0.08296221514480814	0.12664585980679313	0.059150867633700345	0.08254273438921458	-0.035793205591575415	-0.03756702927300178	-0.0864109188379215	0.060582044855341737	0.030643214034092058	6.818684255564763e-05	-0.029532579977543227	-0.03123397649853003	0.08089379034398116	0.04088847151359322	0.023913849119324294	0.05159873901820572	0.009818128769690782	-0.010366917336726723	-0.0700645057441551	-0.00965784864815079	-0.01450223553516517	0.08472603284528274	-0.031002829799660302	-0.05084246104523328	0.036477086916656694	-0.07723028944746033	0.005906524976487602	0.038650916375329934	0.06915501765930686	0.06981872027025102	0.003256323751392369	0.016995791389430043	-0.09180013957769674	0.046052800450647045	0.03843963160105157	-0.023948199801620242	0.006133928447978434	-0.03645411471494701	0.023375823150737874	0.011679954262276679	0.051249805548812775	0.05095302478048779	0.03913722368037699	0.06256985775391599	0.029303960685827222	0.01722854782601543	-0.02479306915479874	0.07730654204749929	-0.0322257329224157	0.037617605346386696	0.03062850674117308	-0.0
MMS917	-0.06924028866546661	-0.49861034507205804	0.17267444679176627	0.3149795469689411	0.20497026942642277	0.015950943425427733	0.023346758329575598	0.1547316454590475	-0.10808975348141421	-0.07818881651258325	0.04090087063601374	-0.025385448598837106	0.10588623428723196	0.05742455136991928	0.05591963462869066	0.08677475712162955	0.006266785905625683	0.0014203164943096722	-0.11446808326332614	0.08845275762845323	0.023596424534107496	0.026484207578486206	0.002422563200943313	0.05263887341150833	-0.010039439891705191	0.042665903795591306	0.049056722554853674	-0.045270882758469605	0.046827410481010134	0.05791300446485592	0.038987215953459456	-0.04573494443320349	-0.005462927393727392	-0.09056729215549686	0.01049198850631552	-0.02192391373754804	0.03749952285191196	0.05212424550826476	-0.07788135205105795	0.05947824145421606	-0.010228110049977465	0.048734090710283284	0.03157663063177438	0.018124037986523577	-0.031155951964906108	-0.04185871313708521	0.027651035200174628	-0.024906814103542705	-0.023114827166988112	-0.016534945747457598	-0.0404202682989706	0.021917814241015403	-0.017944972923926415	0.011788434812618013	0.014999084503654926	0.004321655882114595	-0.025739014028331376	-0.0012317589740419503	-0.012624444889596732	0.005568344590997922	-0.0
MMS939	-0.008012423259095807	0.20183364709862675	-0.07690574927908737	0.05883216577945167	0.10936155029188555	-0.033810246173627344	-0.10104459829994816	0.037555346498250076	0.02586039583558888	0.006759354572045504	0.031049626040889067	0.07734950577941754	-0.07327927813366232	0.025860889082248532	0.06608199510932183	0.03179399830838106	-0.062290173868528455	0.008838830748547213	-0.0264770659145285	0.0032573848303802857	-0.06147732505717678	0.05655028223072197	0.023895093156185723	0.03993431756391839	-0.07365579343442781	0.014878272755362461	-0.10375992197611685	0.044474492497256525	-0.12034447828958039	-0.040355214607573714	0.08042383849447958	0.10370357563690458	0.04673902177861702	-0.009375509253488621	0.009631691163083801	0.046629723609172925	0.0009777377961337418	0.06776181987753767	-0.09242587334418106	-0.061243530573591526	0.07137091618922933	0.005585629218672813	0.026872805528594224	-0.047368694108762016	0.05070806150550613	-0.04705277407575212	-0.02064003875703431	0.04588499099978707	-0.01779171834317521	0.0366904792573988	-0.01713728684227006	0.0054730694004285095	-0.06907338750926637	0.010336227923253366	0.03028294330343754	-0.011318949896276506	-0.03540566248177248	0.020844534263097826	0.04164397253152224	0.043241116915691526	-0.0
MMS938	-0.17484120340480142	0.1678780958484523	-0.05588922538090322	0.008450084642756076	0.007242638011047375	-0.06746959726939769	0.025151321568752102	-0.0068096439030881604	0.043944280636716355	-0.1216523393922994	-0.08841150688683048	-0.049610387230321025	-0.11785168118811472	-0.0953108044570484	0.021639117792750958	0.0874730959431769	0.041471657448521854	-0.026803116046085207	0.0028380894411773926	0.12486429111566553	-0.0954753208617189	-0.0016223232192001207	-0.08545363397984432	0.04884553589658018	0.025428375267932964	-0.012064608824331585	-0.05586886914655766	-0.09858518285720347	-0.05836953622643339	0.1085471266699504	-0.048496327212639294	0.07938705056506161	-0.00168493612616967	-0.10028966801746013	-0.0847640754464979	0.009899952132319718	-0.04171774095050798	0.0009530194021065326	0.09309490329011039	-0.023950541066628514	-0.03858839735325149	-0.019578682477526428	0.039965009825531285	0.02826646752751808	-0.021947147595690476	0.05086542613431961	-0.0072071349462432795	-0.001164081106560526	-0.048714666109443285	0.011135291114397552	-0.06884029603552265	0.012511325378975823	0.017108963160809964	-0.0033055343455203725	0.03660788587193933	0.039157653101938014	0.011791127944962631	-0.022579139741811395	0.007918372236128327	-0.011854470412586972	-0.0
MMS916	-0.009395951259082649	0.11265027653796902	0.005325232374909629	0.13185904925714914	0.05697692538143257	-0.04398967354334424	0.0453085500235781	-0.05402914143067191	0.03726211428546154	0.006954762688933776	-0.07484528894227989	0.003198639969758011	-0.07461254225339327	0.05914325791995795	-0.11595187299282823	-0.011086044233380296	0.03618112412986314	0.011323562693449654	0.014015053579996028	-0.11807000346478387	0.024802266810021175	0.01972845977913279	0.03675055141842118	0.00213330192488623	0.01227520350055432	-0.08745734226080351	-0.040375984352581364	0.1091090432013029	0.030661397670283804	-0.01382265288540823	-0.0211571653728823	0.0058233922856968864	-0.021184015149325587	-0.04373828605192652	0.001380832872895104	-0.04973177744002219	-0.009517184794432521	0.08267541544459876	0.09004616337574797	0.1321890159922837	-0.08243896502333119	0.038801470348563294	0.047551282774566064	0.03197952232431693	0.0677721371290753	-0.006352164307644764	0.018978973074023665	0.01083456768537117	-0.06118578249751208	0.050869120520737575	0.00982594099166524	0.03874232912254367	-0.05818787091270609	0.02130250699602133	-0.06324071736537039	0.0008467232532615496	-0.021009187863587943	0.02876516822070203	0.006038019183413312	-0.006617840039520339	-0.0
MMS931	-0.07801432361436002	0.1719757663026094	-0.19656913860592087	0.03138271682625589	-0.01785948354877926	0.00744600626576048	0.17889372230722467	-0.06627922535150808	-0.0037290750337488645	-0.026074277020273446	0.04294210181240527	-0.0624809352777045	0.1865478198505786	0.13254498019528688	0.026991625839927706	0.03698578539374895	0.02322870213466338	0.08556801791620378	-0.004706673223613133	-0.06193042006055752	-0.012232056239192659	-0.04361477716072029	0.023648880282760406	0.03542469595268307	-0.02112848600187897	0.01675810005200853	0.0349782683095701	0.008818653607769272	-0.08311330095476051	-0.05773534675106996	0.01809032849927456	-0.02732723102922031	0.04054135120535525	-0.009715483839328316	-0.03434990006061138	0.014013190276603651	-0.034824630847619005	-0.01694606571501293	0.027457308269773686	0.0038637982070268665	0.03447378617199835	-0.010165918280283574	0.03765729137731957	0.05515698900371194	-0.009228617675464762	-0.01734067467784306	0.007056096692074745	0.05783420461274408	0.020027873139596055	0.009229721629417632	-0.04875896980783148	0.03149132631922348	-0.05124760767415047	-0.06944318405367465	0.042450434525430854	-0.04240288660141921	0.06528233663235805	0.007550615191960736	-0.07856145426732045	-0.04678577356374319	-0.0
MMS915	-0.11334314385386278	-0.08200193332612644	-0.01361695562953256	0.10626942217942095	-0.0905799183903341	-0.10816326664060041	0.2987635761382612	-0.1298818989066503	-0.05131305800933184	0.08658394458256043	0.0006638235293089323	-0.09527190513397656	-0.10983818209507601	-0.03075596105084773	-0.04107055282867057	-0.040332643694267645	-0.13752956064964453	0.027811984127557792	0.059379101091996844	0.005547635406031257	0.06791354544103782	-0.06469251869080146	0.0811149816745574	0.044987377093676006	0.06255109460094405	0.03943832317076209	-0.053937854030940834	-0.07733228628473404	-0.07182225119178114	0.008196122276528078	-0.03643719561870263	-0.12469774323514725	0.006042371048694284	-0.02499003800995707	0.054686601314465386	0.06362065984742866	0.04980223148791489	0.007773637368293478	-0.037089890189801765	-0.055015683276854535	-0.07027287318541793	0.004239170194439742	0.02905808892117086	-0.08023786091984975	0.020762076881628934	0.016820189333759006	-0.01817804245448432	-0.015492638390940273	-0.017393330958934385	0.021318458269118785	0.03093747359522933	0.01739808232417091	-0.0029938033335969163	0.04721676015763845	0.03623747421082461	-0.01152762317226458	0.004306600734504455	0.013642834106828846	-0.004428449965958257	-0.002813667474597797	-0.0
MMS932	-0.0342745884464272	0.24224100349121783	-0.11606702913328532	0.09406731099297405	0.053931315403201036	0.01544229791415371	0.08943544800322352	0.03693224501218133	-0.07933480068593793	-0.037361240008415765	-0.03268509564732013	-0.06843769502224112	0.1019829123675742	0.09483978347998448	0.09206099366072551	0.019398253469759926	-0.015955664841164563	-0.08024712641789607	-0.0023424515390058982	0.08663742769789981	-0.0026702833345983367	0.0658261092264898	-0.050376829579932725	-0.06894103483159947	0.0038462245203275563	0.01439739056942483	0.006088734909494526	0.000519147125983114	0.017283985569841967	-0.08990426378734592	-0.07140703780262292	0.05042370170070773	-0.010069198188058024	0.028710330387365195	-0.014552902802399185	-0.04748470943102094	0.04503241868560109	0.03282431874646179	-0.026272235267121562	-0.06464005113868145	-0.019804505887931582	0.013208377462579487	0.0006321436081829128	-0.06104087641545798	-0.04488479454779463	0.09294710342527919	0.11171449566928476	0.032054485078291034	-0.02963745521610259	0.041631532749897136	0.03401825003822848	-0.011975358490347645	0.010969342222273287	0.05108857244858207	-0.0769517937495988	-0.029141761621184897	0.02567180793307289	-0.03213716668608293	-0.0173901422354175	0.018980415714030068	-0.0
MMS918	0.20448205679576006	-0.46581830895579684	0.05315751992970675	0.12568073983252318	-0.29090923865850155	-0.23015596752994832	0.08654668235165215	-0.13499212954092787	0.010472084181607855	0.08227323983636692	-0.09873174188784324	0.04539181021651167	0.016497633960225522	-0.01586386439619682	0.061654198495101974	0.13063038180690176	0.002881702307217174	-0.10383140174145779	-0.06027868151866867	0.0007849769078288967	-0.06873044019994416	0.06129087346520129	0.061537296062341484	-0.04100187023216	0.06839152627977924	0.003711122002722995	0.0015646823063606215	0.12651169032772377	-0.025997316119867015	-0.006151786189240895	0.023122011537567932	0.05993540700828922	0.07593765569444962	-0.05788684121945584	-0.0020662950591032706	0.06245484584165869	-0.016653209233793254	-0.005817280563208719	0.043966731588710395	0.004480792039975728	0.04436722766949608	0.01468240923053473	-0.05651420569184205	-0.014227627017013932	0.016613934178105298	0.006948792224426708	0.01739910008498808	-0.0024435938070399075	0.02811153344125946	-0.00814125858287354	0.015766195092209424	-0.0323519170851998	0.015716022010592554	-0.004382342683492485	-0.016083465112879825	0.024538271095791247	0.03782231239911826	-0.009030531607797895	-0.010854025274254366	-0.0005636247901451076	-0.0
MMS914	-0.005828567613779962	0.020516483376903077	0.09783060992072072	-0.009875549832268129	0.1589328322623176	0.04822981433551137	0.19996451076222274	0.08449336519205206	0.1637986771930219	0.19532638616763526	-0.07442016133621276	0.07865673918919805	-0.037178011285172216	-0.09546062254281432	0.10061252824422794	-0.13297891411738647	-0.0660439032625986	-0.010327931630638035	0.0013907164670887526	-0.007510673861394462	-0.10338988971538132	0.009991949974602267	0.011915186076274871	0.08121763026496598	-0.03911127182374845	-0.02713005048083878	0.1511035311139223	-0.04977043623660599	0.038845169473668555	0.004559760979580479	-0.0637858217172429	0.1140657760330546	-0.01621345317541867	-0.031051236872579432	-0.01759113057290573	-0.0073805024797086735	-0.03466893268987403	-0.016611479250836884	-0.033451223535119194	0.030750859107378372	-0.010623820539191968	-0.020838720181057643	0.03820073562654769	-0.024852164348685122	0.027042475563233838	-0.02258953857021941	-0.018264429322291362	-0.03868558060714853	0.048961224272748925	-0.023399043235475484	0.05275169042354934	0.014103030152072676	-0.041701444422424745	-0.002290366117371547	-0.018845659025759645	-0.011745152270266073	0.03491618727282269	-0.014512273629027404	-0.028768764902396465	0.006205935113298606	-0.0
MM9362CU	0.025827280539800424	0.14183766836167702	-0.17153164804516233	-0.04016664810420987	0.04179175887105058	-0.0040084414574913605	0.2722082469794893	-0.009997077493662866	0.11209459844899598	-0.036756073325644185	0.055900932585509905	-0.0633916810062277	0.20065352625835878	0.08705915525005734	-0.007785061109233407	0.019711571443337794	0.07777438236739403	0.09193940927745786	0.0009851078399300967	-0.051741038130753245	-0.04924855722009017	-0.029473566931940375	-0.03850911786577133	-0.016447210378770026	0.017861364966644318	0.053640894162129395	0.05329220634510591	0.00593640105328007	-0.041362957949737024	-0.012886401875181407	0.030038450645728423	0.0026819006090108358	-0.027302252312701933	-0.03074567967981194	-0.02492334333629061	0.08342035080494509	0.0035591416634705563	-0.0018664097166353128	0.034882219742897916	0.01563872730059324	0.009697833166832957	-0.04204817184178111	-0.014512093545067564	-0.01467045705390182	0.0009390476733188973	-0.020782130512925205	-0.03195906127558568	-0.05829284321000075	-0.015161689655262068	-0.05807357341022849	0.013042725283589454	-0.02830878346864883	0.024627998733753313	0.029861827838743218	-0.04820694012621903	0.04721908308339469	-0.08295954681035121	-0.01009114578788227	0.07163215064547167	0.028177864216251545	-0.0
MMS913	0.0010146119438376759	0.1119440150283571	-0.013876353495368119	0.06542791969806454	0.044478230183088954	-0.03850227302578939	-0.03394616867318513	0.019077919170310265	0.10686448413497633	0.06978696348432772	-0.023466372767788887	0.144463654748318	-0.07140906733031448	0.09830411888592291	0.03736658520830422	-0.01968924919716203	-0.03822071483188216	0.025620217519590965	0.036151744143505256	-0.07528478755247724	0.08030970107079018	-0.03490810329262475	-0.019906774365871228	-0.023075213319680737	0.005626958325917579	0.09913258285907546	-0.001403633705266312	0.007202454131209525	0.04130004959580925	-0.03490068729778682	-0.03561814939013654	-0.04092208356407267	0.04297643858209533	-0.13473734202338394	-0.0308692380472192	-0.06912889673452195	0.0020364841237521213	0.02262431581711824	-0.059623140199830754	-0.016840307575627135	0.03827054012738634	-0.009690308049946162	0.055205221005255184	0.013825723145738232	-0.042450881972879655	0.05501454528931512	-0.002818487353915522	-0.001671045793503973	0.028809750063964894	0.04676080973908831	0.015312452682219037	-0.04987376896182123	0.07544299302507582	-0.07851114607442483	-0.005781821874462102	0.06083861140000951	-0.004113971802302812	0.056353462838425426	0.028184531339852905	-0.030505940330671652	-0.0
MMS890	-0.006126690048585269	0.27756851273821936	-0.103225711674411	0.08391728878669616	0.06593752681032689	-0.025102252043562506	-0.033420513654899356	0.01512165273260234	0.004623851217933148	-0.01901439840399777	-0.0493277380036648	-0.021672369089897645	0.00021016119873913262	-0.056095702569486684	0.0024564481124996684	0.03654911310710159	0.05980666342987409	-0.017979846160175648	-0.01863016069304339	0.05607911619398629	-0.0008706251931889868	0.013429030459290338	0.04508646106810808	-0.012334982637323346	-0.05165144952225462	-0.05187974527905767	-0.01813458773672899	0.030313831806421276	-0.013400951664898615	-0.048204028758794884	-0.024449500095242892	0.04404889461746984	-0.05125261172538068	-0.05709510881191091	0.024794159890882576	0.03843049254332312	0.0676359671093512	-0.00820786514020875	0.0010705658570903172	-0.0006369039864760679	0.02909184101815528	0.10631151237909439	-0.028640318405344724	0.04761019029540394	0.008120473244892344	-0.04285408721895205	-0.03911672305747943	-0.045885163148715234	0.0428916621230728	-0.00659298899396984	0.05161881622534478	0.033649721366580405	0.11815805760655383	0.03782410067117035	0.03777881169392999	-0.07685307113252868	-0.035415123436829406	0.019265687318131344	-0.016743232525260533	-0.06752190795340811	-0.0
MMS891	-0.02332743536965099	0.16937714516932947	-0.074999378844143	0.04489905037480742	0.06324028175424282	-0.019826335427210247	0.02673286924686117	-0.03088277969778113	-0.0073532457505514105	0.0007729549480121737	-0.06433216890946558	0.08049849245308068	-0.14560362362282273	0.02873672212412965	-0.009275286723214364	0.1873051251199198	-0.024187537259823914	0.01749523616229571	-0.10902571905083683	-0.09483589834362874	-0.06074708237282767	0.11394817706536146	0.007656776248155355	0.09511024939267111	-0.05484881798295227	0.09999253085864276	0.023141796370138412	0.06558300197503054	-0.0051405048793395	0.08560560005456826	-0.04405779668356783	-0.11531085873970993	-0.14601168234733553	0.07500805061008749	0.013241609966531417	-0.03619832352148203	0.004649261766702162	-0.03917579346339329	0.005818885020667963	-0.018458444501982932	0.06259740439020949	-0.0367968230696758	-0.04047915598792706	0.018796282501565523	-0.027581042718343614	0.03034115793546129	-0.006523397731965535	-0.03190161476616526	-0.00752991267992133	-0.01226449945164914	0.012185010037621855	-0.01789313006510198	-0.028377924310681896	0.013610361279385941	-0.005707467967896587	-0.0139783742711555	0.00834468985007789	-0.010136705945824557	-0.010901451662009412	-0.00036991247921373626	-0.0
MMS924	0.3008429881897602	0.023122619475224888	0.2000261519096846	-0.23580066216768245	0.0617962265885651	-0.03443112367142503	0.06755391807756264	-0.005341489684016818	0.016077046966144252	-0.036942959298538275	0.04423278836998547	-0.09748786337605918	-0.04499379161163792	0.03246996723190232	-0.02574583063911251	0.0025177990088172046	0.08291252535639423	-0.0444006667006319	-0.13531776693948785	0.049976235427362174	-0.06667798225797582	-0.020594016993256616	0.08256582251085162	-0.00015243116913267484	-0.05070552134245984	0.0740099693343291	0.05822951707068036	-0.05142603170339411	-0.017974828794089726	-0.002486724406458095	0.05252966622669233	-0.04961075227298175	0.04821644504890711	0.005921160115476113	0.04935595019636254	-0.12020915440460071	-0.03581392109010713	-0.027821208537110273	0.06854996064273128	-0.09536802809407796	-0.013419707847646662	0.0738139862323073	0.044252237093151375	-0.013396889013091688	0.09419546835771443	-0.017264943043044156	-0.014832535895063476	0.010655882970128906	0.02846393988675006	0.03150688749564087	-0.026838520562338476	0.005739319580236853	0.03497112541874907	-0.010568962695497742	-0.051953746576363515	-0.009085254469249996	0.005300928052278668	0.011372570732095681	0.018993855598209916	0.013989450890353873	-0.0
MMS912	0.12347909939603587	0.06112263991629633	0.015169984545966436	-0.03946703352276051	-0.025713454600288656	-0.06843141706489933	0.0045203881883292265	0.07504963797458343	0.12483040018943002	0.09559780330140047	0.06138710723623584	0.06156295671824153	-0.0040871505198102264	-0.024396962794369113	0.05113849889976781	-0.024243521023885273	-0.06361634240845934	-0.040864681299894366	0.022674645260778885	0.02739787502157568	0.16030516871663422	-0.02842016446443737	0.0035595590734313065	-0.12724001114444566	-0.06537074032574514	0.030962968791047756	-0.03527562510319554	0.01683748143927783	-0.07829907679662927	0.06538798379523802	0.016376643268919657	-0.009500152455141537	-0.028031740386948063	-0.019891762209461403	-0.0076398787316646795	0.008052957979759408	-0.031179238398127744	-0.032191701188297485	0.005169506342692093	-0.0399807534737951	-0.04624978610164376	-0.005109002142720413	-0.0007232497541383858	0.1032549862662132	-0.02051949339884743	-0.12007453249457029	0.034809115167547935	-0.054590322147932795	-0.08744454817369797	0.026223623437971397	0.0006257513525750369	-0.055910465721311635	-0.0020196970821702476	-0.0022186088106214107	-0.030283640867203716	-0.022744111293673912	0.01593028895690937	-0.05177745455429829	-0.03367370169437094	0.019799114556542523	-0.0

Biplot	0	0

Site constraints	0	0
