Eigvals	61
1.5989615148087422	1.3290951645859488	0.8992107415688233	0.7277792339052768	0.6317471635244201	0.6026188854259114	0.529846768252104	0.5086082492400167	0.4605589527699108	0.4100945490702676	0.3923309777354399	0.36158330616872947	0.34258328517631736	0.3345647181002768	0.31577066820581784	0.30070613418608183	0.2943512445688434	0.27568725776653763	0.2677503907208023	0.25857146033923095	0.24582635672968609	0.2368831240211604	0.2246483115694397	0.22125548327904324	0.2177994690003403	0.21279802900114844	0.19940562055885455	0.1965615384259001	0.19423419399301073	0.18744790978573234	0.17985360173006668	0.17291335511018907	0.16388997555971663	0.1609872545364591	0.1588447782354954	0.15221747188991366	0.1466929778333789	0.14329801336805478	0.13849105947432447	0.13689555121456812	0.1324295435770576	0.13021709677236848	0.12668520294871907	0.1233614309439323	0.11461353991203468	0.1106321425053607	0.10670958402272715	0.10375237489960795	0.09849908712501614	0.09649182040687734	0.09080252651422001	0.08511254616183986	0.08215319213909551	0.07934887689442378	0.07554698788779596	0.07368287106334395	0.06763993723779527	0.06453044025682961	0.059737290280694105	0.05366831023528988	0.0

Proportion explained	61
0.09744429936042648	0.08099803897525326	0.054799918495864755	0.04435249809339557	0.03850008843392165	0.0367249458650748	0.032290049899598904	0.030995726937214477	0.02806749509052683	0.0249920811949387	0.023909529334352933	0.02203569729710031	0.02087779342243423	0.02038912396831493	0.019243772434116492	0.018325705958376407	0.017938424738328584	0.016800999540549217	0.016317309069436754	0.01575792447410624	0.01498120928740164	0.014436188636667733	0.013690571737122311	0.013483805174859264	0.013273187916814677	0.012968388950735273	0.012152225556356085	0.011978900815139658	0.011837067227818814	0.011423495854327646	0.010960681696039353	0.010537727507962202	0.009987822529002054	0.00981092420235037	0.00968035689343756	0.009276473987244307	0.008939798934296419	0.008732902188744276	0.008439955641942333	0.008342721791686514	0.008070553274092404	0.00793572180581849	0.007720480278193542	0.00751792216079008	0.0069848060697585935	0.006742170786059991	0.006503121278301048	0.006322902324689097	0.006002755190569347	0.005880427856754853	0.005533709532335482	0.005186949373521655	0.005006599704917983	0.0048356984470253024	0.004604002807658229	0.004490399349287039	0.004122129414546022	0.00393262969746884	0.003640524392351576	0.003270667142580582	0.0

Species	0	0

Site	61	61
MMS930	0.11287922623804203	-0.19898531516871534	0.1537902769708389	-0.07134172518233639	0.02239752089504152	-0.032998115139490955	0.012214022103184848	-0.005358858787770636	0.01604940237604558	-0.04055313785195021	0.02904976904005967	-0.022205372459072368	0.012574941124877823	-0.030950590162671366	-0.032119508295515665	0.11415014450896319	-0.08317537450592365	-0.07019087449130237	0.021812692052703357	0.08515070865375512	-0.02791094588170158	-0.09116152227356927	-0.11523749978110645	0.04170626050267268	0.06261164848294078	0.05674747631331246	0.04677173592000303	-0.09549912674667642	-0.06621432176557913	-0.03051334581916692	-0.029253181776506865	0.02009902126384327	0.05500687880065694	0.05460854375627936	0.04771814624764518	-0.047849597765115756	-0.019944815070379276	-0.027930208973542776	-0.15327972967111922	0.053994138457203446	0.03758100616365577	0.03697296323169136	0.040335090554544165	0.04867765534661416	-0.02021383788348291	-0.015195137169508145	-0.004088918269306407	-0.04147536331778981	0.04107410202805789	0.016273216533179622	0.0214102603770994	0.01582766355936869	0.020431367842188883	-0.04156960350417749	-0.0024066650962322623	-0.062211668565420875	0.0315031682192402	-0.024813730810389976	-0.015615677149499702	0.0627487649022097	-0.0
MMS925	-0.15206092512554187	-0.11775238336607159	-0.10983360414219112	0.09433597310569332	-0.007243685089334739	-0.03920058709291758	0.027493098188465553	0.06635142381329343	-0.007349646795901085	0.06394079507580637	-0.08579401341284132	0.06983565894010059	0.015701247652985452	0.0782741519366871	0.09579053138091649	-0.050462036863754355	0.0796097165687671	0.11783441655330491	0.03884942312655903	-0.0005780687988189813	-0.0041984109193993055	0.12450224056410457	-0.005599336697106508	0.00767258839486958	0.16492617116583516	0.09858111304263033	0.03219079285517184	0.006618075504141413	-0.0032063862326468474	0.05745328351459329	0.04132143949246788	0.013331293405579701	0.01565730930755391	-0.07386375049223155	-0.03102296466945749	0.034408399999540526	-0.055152001461611345	-0.013906280821538983	-0.028716436352796096	0.035818941081148886	-0.025331120230661943	-0.01589816609266098	0.06152383025900593	0.024374559304159358	0.07258216649352586	-0.0042770597236385065	0.01837119150910351	0.029542310627030458	-0.0681304939583932	0.02227334836359672	0.05313416760477945	-0.056938346196238124	-0.025483650023147033	-0.015922570136984046	-0.05628186649469225	-0.03134945179972622	0.07625562745134265	-0.02128595940330168	-0.006839469639591592	0.018591954634645046	-0.0
MMS911	0.24411933164338728	0.1812426715830443	-0.09559853273122737	0.06201036810632716	0.06943675406617972	-0.1102333086520572	-0.013704707361766029	-0.029221486574185527	-0.0213071763936574	0.004237905689890421	-0.047063994818045934	0.046779540373943655	-0.05030330281320577	0.03541551105193112	-0.10303300910285457	-0.012303404447955456	-0.009609861013435583	-0.10218909676733835	-0.02548168606918161	-0.12576383652940937	0.0006574964867618148	0.15495006087285293	-0.04689468434508344	-0.039946279854590046	-0.0457803767963706	-0.0010824944846044124	-0.0431984118122007	-0.05818122164972324	-0.10604735715789863	0.021084386098706366	0.02367760463217744	0.06656867812395892	-0.04580934728736015	0.03515207076313835	-0.07979303664542327	-0.0014304122381558807	-0.025113821528644307	-0.07277972528249287	-0.04112274063602492	0.02533885094794204	0.0975418356844246	-0.01102709382751297	0.02758894409206021	-0.02298548317571023	-0.07393932190432644	-0.021263054274451396	-0.023598096286155047	-0.015795849692389407	-0.009280852960580965	0.03659222777472432	0.026630403301242007	0.03812682672483788	-0.10576016073868244	0.030459030498121778	-0.02218548032162863	0.03072191141202583	0.001924138675404655	-0.005952201988099964	0.012978764593752497	-0.009087707977172227	-0.0
MMS920	-0.11652223625218415	-0.05140562875793692	-0.09216847036468512	-0.04621746391087966	0.20103992727570785	0.0004183075435993267	-0.10145893863412464	-0.12216605127543378	-0.07267862077173799	-0.06684150134598403	-0.054162831372130536	0.004218019948553267	-0.04127767654327777	-0.0257985733317014	-0.055502414465034726	0.006779760452065371	-0.08087165244769	0.21191001179352836	-0.055590451707821814	0.03915929431465989	-0.016027743264601765	-0.012459279684979233	-0.08790721758125836	0.054827733343472004	0.018491936137496758	-0.039677142672468156	0.09489367412345824	0.04224219845677779	-0.0177454236187944	0.08479653102139179	0.029946583107755668	-0.00459072215633196	-0.022463969438733064	0.041487625505573084	-0.01014864775579286	-0.04854743202303347	-0.07718618575164235	0.011367886086214014	-0.008549758791770615	-0.023118324082609453	0.01781624561668895	0.027352741673752807	0.016787275927349	-0.039627386648087765	-0.061515062463127546	0.08173174089820832	0.03461279934131756	0.026045918753666797	-0.03229907336316358	-0.10044059840276935	-0.06779105196192867	0.026611292110182556	-0.0257713999972909	-0.01728926330806162	-0.014661416859057138	0.01045545574049372	-0.009018444546258877	0.0077160454325856335	-0.045092154320511425	-0.014925448071933684	-0.0
MM933M	-0.21101583537395605	0.15884014186545928	0.3134693267173898	0.12372100468430411	-0.08857860767921774	0.17428998405071078	0.16268598715508573	-0.06249492060519129	-0.18389623519880596	0.22512064202245297	-0.232851452931165	0.1407257083111893	-0.15964896734111036	0.003014043055353969	0.008491570408191262	-0.0072177466655363905	0.07866836460272339	0.01855309745134752	0.010128460627228159	0.08293903511854046	-0.008233709411300727	-0.028364861973248542	-0.05266033328521858	0.005080196496711795	-0.05990937164280752	-0.019747394728973803	-0.038418099961995696	0.031374873383952805	-0.0109456585958494	0.05221770125873151	-0.0057334149695195446	0.03591390617546205	-0.0004886484103174518	-0.005882415943598294	0.050462731961743786	-0.017681008396057615	0.022596782051458375	-0.04429757038905102	-0.02154898176553676	-0.056333579247822	0.03451664589799544	0.0005135774416813303	0.0032635012089504145	-0.021567393726735763	0.006638017239383798	-0.027310894219257902	-0.00908302026410048	-0.010565149734312364	0.017730173720892545	-0.0008668990360899054	-0.00872176539831728	0.009933527191214021	0.009248663283706625	0.006540362454166081	0.01794564081586029	-0.0037719543702289865	-0.011167329020595744	-0.010337639439274765	-0.007798178106433391	0.012025583058834152	-0.0
MMS922	-0.13276563817800202	-0.08497509411145475	-0.12230589476323865	0.012190867163773027	0.0973010817202261	0.021118751702478185	0.01203278955545801	-0.09740105256257713	-0.03977505658588898	0.11382344117897812	-0.0395921191601637	0.04576250984575428	0.060811490596564655	-0.01929434444274354	-0.035551532968151695	0.0966813193086004	-0.014527732638651703	-0.09970862313630482	0.05570899469344663	0.042125913739646234	0.0830579917330156	0.0080205014241494	0.013200479794589926	0.05438920363011619	-0.02446084769571772	0.1259525155756649	0.04204620811070696	0.018284330332083855	-0.051276074806087854	-0.1317059348683825	-0.06028120348172222	0.020662974393802196	0.016772777579140863	-0.13196841725901667	0.03452855113022474	-0.006719283242997037	-0.010621129009364363	0.029763925368078654	-0.0032155928825318633	0.01442982235890534	-0.018375951982118974	-0.010666699386173843	-0.057541886416685784	0.01393553316198138	-0.03428241172099761	0.03319590639763958	-0.05602907741223583	-0.06433967340396038	-0.11338650125827542	-0.02332465978046844	-0.008028210691710133	0.0008376342446589899	-0.02280944678623933	-0.0058602795322124715	0.022691691439846604	0.01144235080927718	-0.013035913131946303	0.07885457657641684	-0.000528477344128963	-0.024838639861514664	-0.0
MMS910	0.32589774443674907	0.16989383741431424	0.04184979932302105	0.1462627170981626	0.012485350908871656	-0.11460514908558954	-0.009592476040800121	0.0071997582468609975	-0.0564588397742945	-0.02999155937941679	-0.017823276850524226	0.04327171472114344	-0.05665560913403442	-0.03886639050499292	0.127389357181663	0.06392524363702635	0.0317941790992975	0.02916348057851272	-0.03599752573511182	-0.05417709083828286	0.019084711268358923	-0.01953794680312366	0.044667837004793265	0.010231582438378248	0.05438120933762466	0.025957327584775362	0.012866181000289115	0.03234195272416929	0.16072189195525008	-0.11017613629976268	0.11561863783963881	-0.04809742533699406	0.07328589668061157	0.007977959272607384	-0.001437369331004938	-0.0790353244605869	0.05556313353878068	0.04466475230084483	-0.03863813390043622	-0.03574933590253612	0.018712998463396274	-0.04983198005802435	0.08109230491031325	0.01060948766509987	0.023165550946895274	0.02769969405611041	-0.026513064704408413	-0.048026916834780206	0.03732374866392539	-0.0002677314911807517	0.01680590735733473	0.061014401822422105	-0.029585488371246676	-0.019099137742361414	-0.015064354867345307	0.018717012345074908	-0.006201337299958817	0.03472869648209876	-0.05077211103518027	-0.02705998890849934	-0.0
MMS923	-0.11648641888167383	-0.025186340053900302	-0.14919531410964415	0.006066268495319396	0.005554567263133606	0.014730316175563522	-0.09612522147105523	-0.1051125699255273	-0.18342217313904532	-0.04927832839946147	-0.09006306959833058	-0.003203111067796817	0.007851824544250688	-0.08227162213016888	0.012593952204942943	0.08540140012265046	-0.05879603231544866	0.03548569462866351	0.039191608831405	-0.04256660924068096	-0.02688517212487433	0.06980940128522349	0.022090236092166537	-0.009432944030869098	-0.0018037450720994196	-0.00660348063754344	-0.11131101303933234	-0.07623311778262487	0.10295262329017937	-0.10564172474449486	-0.03204821315265769	-0.026768317527377922	-0.048876824397900975	0.01767642906083337	0.041662472545976735	0.04219701110686901	0.04538247650648093	0.020198499662209598	0.01946436040083921	0.0701164114181136	-0.011510705068113835	-0.05102802530048422	-0.04366148135540963	-0.06469405701191892	-0.007685748986191199	-0.05281733694927829	-0.015813614015624457	0.10429072991525475	-0.01241679487533247	-0.021295171076343034	-0.020398861156768734	0.058858282753891156	-0.0045240306484730175	-0.027442075027954604	0.027869352073352574	-0.04157038670965343	0.03839124084735082	-0.04436122995587196	0.008765321296586743	0.050885183609991	-0.0
MMS715	0.1994269386135626	0.18015061382316447	-0.14786318687456249	-0.06403222250918882	-0.015271114308034572	0.24050654744522532	0.0407361606534484	-0.050777859765758854	-0.02190826701585555	-0.1239158479120675	-0.0008696793518244611	-0.04830539765808633	-0.02866579952741656	-0.010072315693186102	0.05197128071734753	0.03879932781018854	-0.03266012765099773	-0.11088079061859035	0.003433110389481885	-0.05862525494960602	0.03391882494681292	0.01912466000734008	-0.1453362671063938	0.08473060665955724	-0.030936165866711732	-0.035456533080020065	-0.008917511753096035	0.039108000688842376	0.05009192655746744	0.03735993030336848	-0.04969568179243112	0.08333224715045301	0.018018481146044932	-0.14026581425412676	0.0652469118754425	0.04572504782601571	-0.04112970012274502	0.028512663427688885	0.04300206089799233	-0.010287734570105785	-0.013320211708052948	0.009997579668471234	0.014046440169055863	0.060202705944239696	0.021344507143053935	0.012005894085740312	0.0740983989893124	0.05054804347951251	0.08435624380553988	-0.0032098728091264107	0.04027895819592863	-0.01976557941129041	-0.04088020703283507	-0.010656568345524618	-0.011336304487435472	-0.002900290354535258	-0.002257113098402506	0.007289521609285254	-0.03595316152267835	-0.003434013549164721	-0.0
MMS714	-0.0035227972822990975	0.09266232046716952	-0.12315042388989694	-0.14889762632979595	0.1976654432471629	-0.0012062419754638061	0.09119163268379672	0.05921365098822882	-0.06509809319360117	0.08792694883772571	0.03130496758087589	0.044735840085179085	-0.0933769136158253	-0.11066851919542287	-0.06028680435673704	-0.07100462124097257	0.1129220853254019	-0.07666394169284238	-0.006917659663008676	0.05954769188649801	0.002308098641378344	0.121086097702594	0.012679984132204435	0.011369293697526636	-0.04801683502078136	-0.07645188553802906	0.05468397556185501	-0.12865401281645505	0.044539174342460304	0.030708776762914232	-0.004546626644225951	-0.036892404839521914	0.03404600416244534	0.012429576053856266	-0.030566761983372208	-0.12670164954448312	-0.033019972141116676	0.06286192965287751	0.0010005727895018232	0.06444955293733463	-0.09729851514705658	-0.03082913142923161	-0.03614869133204164	0.010433991194619735	0.022150425453241824	0.016466878656735958	0.021536075249445313	-0.021727796952305565	0.038631723607108065	0.02281518287935898	-0.025259960798655678	-0.006248085069088872	0.03142645383161983	-0.007816955197273788	-0.0437141418406546	-0.047714713777073814	-0.007598273891421184	0.0013728237039702014	0.03386286273279794	-0.022309154374277336	-0.0
MMS717	-0.0010856514049894016	-0.14427210354233394	0.004147206573211427	-0.09160331358208124	0.07344407208644063	-0.06068500434485894	-0.08126398439411363	0.028581451521206246	-0.012963495410486916	-0.0324091891701064	0.03373257570581571	0.09364798895799793	-0.018992021326236157	0.004490524895757999	0.020430927648522355	-0.12287040495965604	0.03773962166374107	-0.06644192982474753	0.03259151546904343	-0.05495764026575278	-0.03039856735622293	0.10999412361916121	0.001991313918003152	-0.08514494858844028	-0.01838487336225448	0.12713954072786415	-0.025001026943684508	0.08697113923928644	0.009991206414193338	0.008278739723798658	0.005042088193680603	-0.031023056526018312	0.13469429779658207	-0.007763724053628218	0.007039764636570211	-0.0088448305925512	0.00672325524701519	0.047274009128313504	-0.056696430874420806	-0.06989734751970508	0.04614993358024214	0.05302846919394832	-0.03012105896705894	0.02872448262205344	-0.016680791256771244	-0.025292099687802785	-0.0412295262220764	0.06131660960083194	0.06247172010773627	-0.08870045694423857	-0.05729845847984335	-0.06178354397307834	-0.004556393936291275	0.028162983429137277	0.041278233480191995	-0.006987891485012424	-0.0373351097220672	-0.002462702570761177	0.01370759175501554	0.04458322222016384	-0.0
MMS716	0.10906611096138494	0.00741211510158953	-0.07709839276633389	-0.0180575109958194	-0.03861237496187271	0.1229833857449442	-0.11084905376574324	-0.08361900296931299	0.06911130625613543	-0.05672220405189399	-0.09255615461142702	-0.03643829091441529	-0.004107251374638536	-0.10196529701243764	0.034994118200746216	-0.017557473018404757	0.11405269987959309	0.13547148456956684	0.01885805403046535	-0.016075055404542318	0.06096638774745337	-0.05995394156160578	0.002955571295621013	-0.04273215928993061	-0.01973770343774747	0.024783573618503953	-0.015099496368663866	0.017808650546720407	-0.019503765426624922	0.04066700001758756	0.05450547040739497	-0.0068339229908700614	0.07593524257706466	0.07248387460362068	0.050570600744426306	0.07289940178419	0.04714101590746199	-0.010981568031903803	-0.06082308931087704	0.018815422742902894	-0.03805792489267111	0.03378902240814454	-0.10365949894650332	-0.037197920557044274	-0.05572038759748617	0.014425717750990052	0.03133515416264147	-0.019143640508894354	0.009102741551484158	0.041244814832730486	0.08444567058585556	-0.003538284850959448	-0.034998775838000776	-0.013687911031406815	-0.04171540222738317	-0.03305179510510823	-0.029846989942208458	0.06526939636876877	0.07131522271926466	0.0019183845181119704	-0.0
MMS711	-0.20332678193724002	-0.059345514167470595	-0.11412416220820824	0.12026808209927516	0.058673063298305225	-0.04885924894513961	0.05089057418407785	0.043654283483395916	0.11210226324247957	-0.07910873270954256	0.04584985878222884	0.033290625416778144	-0.04134497162916234	-0.05369345604751003	0.06930608079432367	-0.05043689658378546	0.03557457438207781	0.013669759048289187	-0.03697271723075985	0.018948617019363213	-0.059645356007691656	0.01640229797534985	-0.09569887279031201	-0.009175565780223383	0.026126483328125692	-0.036334146584330373	-0.10220776657771609	0.033363741677750365	-0.02887240794771003	-0.05963435893749511	-0.09751962395580298	0.0074639889157741696	0.016318195794417237	0.07199895125525142	0.05741979438905687	-0.015472185074121288	-0.07955530215829396	-0.05493480881494592	-0.03368126999117961	0.010796073239829491	0.07454599568348959	-0.03681189195257611	-0.043309894098285284	-0.00010031543461460889	0.1136965952269307	-0.01989875983285162	0.006208795319370667	0.010344638567056988	0.007820152197714541	0.009992645073600677	-0.022435793062603925	0.019965137164512578	0.029621981506688665	-0.0765977611662128	0.01163700134743713	0.07934890823721018	0.00924235381961251	0.053268272233713075	0.030565492676629665	-0.04826882469576365	-0.0
MMS710	-0.15457541644738668	-0.02384090745638224	-0.06698715983826516	0.044959736607526106	0.05129587971243195	0.16820730080898724	-0.00791270201263559	-0.15366836564948305	0.04348965124369701	0.012753407435905936	0.030753638859129614	-0.09618868979195454	0.008061637543688596	0.04226999455877417	0.02466355893872895	0.09157801228624646	0.005589338396696634	-0.14728644890143702	-0.15638245957093008	0.06358311240630152	0.10314525547953592	-0.002552724802045277	0.11177967778433862	-0.020100539598986045	0.0669709394440828	0.02625221784475246	-0.07031490069084148	0.03693375314052048	-0.0028100030246364606	0.023631455433522984	-0.029650452046321486	-0.013947234035631847	-0.000570402450648566	0.09168968617685301	-0.03479179508335151	-0.12352773329528705	0.029045471307931916	0.0004961400061751208	0.04030040452397838	-0.0847565129201187	0.07283301571506381	-0.014994016877366049	0.024509215796646455	-0.019515260419814166	0.00037314020581449446	0.04583789318234316	0.0464869798494866	0.03664066344807327	-0.019187769718057152	-0.012171449258618593	0.03943269028745738	-0.04785143074036271	-0.010917150300942972	-0.00015734395982343915	-0.006973218008646758	-0.03862878498123687	0.04011966006636638	-0.009028688492819615	0.029822593936389575	0.004663862455605157	-0.0
MMS713	-0.11856989760507426	-0.00822533184788532	-0.1569976298549965	0.0684105365192848	0.09962602397444872	0.09297881792419438	0.0712929829415578	0.1417186077189973	0.12250620164707457	0.052984905416687426	-0.07902689042676	-0.08626804784621112	0.010180621310119575	0.011918448178064592	0.02798011607026343	-0.05586119149627114	-0.08635899269964653	-0.0008327053012325587	-0.006615735977191466	-0.02951408935672446	0.017858434579279794	-0.01772320535335888	-0.07100596677494618	-0.04600404556671768	-0.06225283062201413	0.1018090422753531	0.04224864624554541	-0.0018232550700853817	0.08082788148274837	0.0380250248632984	0.03246367418107796	-0.015982559298836588	-0.04580673693178096	0.09349862934027814	0.01445691093329901	-0.06003795790688445	0.03184820669114848	-0.06300448847415402	0.06540867948836002	0.07655987533551654	-0.04182875787398807	0.06779714398377995	0.008134158768002955	-0.01056224797650487	0.03138365846078219	-0.035919626122434684	-0.013198871740879565	-0.01482408635514462	0.014697395227307024	0.025405193641356263	-0.007351184638509148	0.0021101570886482846	-0.021298309517629472	0.06943595191669683	0.0786790357581454	-0.011546372253318815	0.03202635141993696	0.06885222032522287	-0.05364792453792015	0.027282631889323793	-0.0
MMS712	0.3162219615244659	0.21917201197704408	0.022451004466840584	0.2311544459151629	0.090020126303134	-0.07123095152462551	-0.003161240616446192	0.06505605793242956	-0.002983450848023915	0.13055423427797383	0.06025646420290529	-0.09082916596625971	-0.06173060782991426	-0.00754608135732261	-0.03666987110948949	0.008574746616768129	-0.030026128897207592	0.03615973616156835	0.0791852675542852	-0.09784951055359184	-0.06305620028080573	-0.0798642094821274	0.005768727000315138	0.03577632378309446	-0.04816874152241592	0.019699337950266446	-0.06397400350245432	-0.042911920572085316	-0.025526634615315652	0.09479387106790131	-0.022698342045917242	-0.03662670633885679	0.027284198754412597	-0.02031194255770995	-0.01358429574663835	0.020822879549741047	0.026879936233634587	0.02708883291616772	-0.018631095627197312	0.03438630944502329	0.018321531753840683	-0.0012768692481130491	0.011429535008345326	0.017948343977981968	0.0025647178407261742	0.08207555338474273	0.004412162924348878	0.037785347835892796	-0.04346356170517452	-0.042692576552421334	0.026990466462255207	-0.05135811498281213	0.03371512415938152	-0.050288183761901147	0.10285796961046259	-0.04356822954385764	0.024932217615528232	-0.013643271325895349	0.02950266320453056	-0.04731708552969894	-0.0
MMS944	0.06960618117054565	-0.14524048936509915	0.10068719075882711	-0.08701302815549902	0.06450877460136152	0.012488700509576591	-0.07179458877841696	-0.057454165833842614	-0.12024934312444478	-0.09935287026369423	0.006297267661777194	-0.01734646911296411	0.009602788240545383	0.09666359935762368	-0.11540859587919759	0.10956580999176338	0.0007819646646931707	0.09285026059354648	0.03241004128840693	0.020373339716141373	-0.09288879254416774	-0.054067888696536684	-0.02875468738819784	-0.12165162205308848	-0.13948163153830087	0.012136942460516912	-0.017452457050168017	-0.01435510976865363	0.03451767050453656	0.010957423705907717	-0.022336432268557988	0.07444088225435735	0.0983611849904469	-0.001323794277763909	-0.09893469127617778	-0.04706249329695227	-0.025012443498366857	0.01158433784871803	0.05049826788400339	-0.05078598816674703	-0.05223748558506336	-0.04839570575138272	0.04384457896343114	0.055587622213722786	0.07376818612177494	-0.04671816627741382	0.020798310453830918	-3.964642166739551e-05	-0.05454713889565358	0.017549379225142273	0.05258759990622428	0.013743565957869582	0.006455930346354004	0.022625702159835656	0.007815997293388895	0.03909778137253316	0.014647440367324994	0.02918452450586946	0.03265506880702926	0.02034096303038737	-0.0
MMS921	-0.1604770230183157	-0.02537799481598839	-0.14632076012872694	0.0903763015931796	0.1748720013383407	0.1216461018036401	-0.07851697728508888	-0.07111332045427395	-0.032475769511510086	-0.010086519311233472	-0.05537854379585261	0.084908203007688	-0.0004591013706621276	0.05635777692209954	-0.02071052670037494	0.06630227939316731	-0.09088264734194142	0.07435257105245134	-0.023740655242058796	-0.041646449050374026	0.06971203040919105	-0.0472823309746541	0.01849765192055235	0.006957259023701344	0.026946946041945044	0.00813671698080606	-0.0008475005646987132	0.0022603232906065504	0.03424612332532092	0.032968057151354556	-0.04558254152550761	-0.10932987023717225	0.015317442447465678	-0.019564987983956506	-0.021890869909055533	0.05813980077812212	0.00010890002287211659	0.05552958716804151	0.012160571806874349	0.05605574491108517	0.07646342856669873	0.04765305842566446	0.05396678163142707	0.07330183247356445	-0.018078122517159578	-0.07587798345020735	-0.02974429197622956	-0.06606213560863215	0.05354414744029039	0.07825118602880028	-0.025751748389920275	-0.021291353959344585	0.05086771157950607	0.0357751359286882	-0.0151116176491528	0.019130739959411575	-0.029531250560234208	-0.05097505137718137	0.042147937716726105	-0.049660029134657	-0.0
MMS942	0.09966308132600758	-0.1711086503537701	0.1145195053368635	0.0172416908363025	-0.07225432522199812	-0.007296962983952079	0.1506636486005066	-0.07485867686849858	-0.16314050452436432	-0.05771878840254776	0.054367975630568006	0.035951617151183064	-0.024650707902336037	-0.1048807674203329	0.17086267858913662	-0.1177012013276389	-0.14289707379872751	0.037635060773100054	0.04060926849358321	-0.12106350616094494	0.14600890130770403	-0.02651002807712697	0.13665357053485977	-0.061486983829380004	0.0016150927157736058	-0.015928445833436958	0.024960271888354157	-0.046273386276154405	-0.08738330673524303	0.020585128320144835	-0.0846534931035455	-0.02803481926879483	-0.009453593093025512	0.001349129997825758	-0.008724426523592491	-0.024933140763819556	-0.02676000742296045	-0.07686151306820609	0.005446927735176535	0.02587507422103934	-0.04181430883352743	-0.030858941508041225	0.02639271858291182	0.056319060452466686	-0.002212349019763128	-0.005500389447346409	0.07264385020002857	-0.018682171675012856	-0.003050292742707416	-0.03728877820930658	-0.013851849395404785	0.009507497018440761	-0.0095207213142072	0.010697624592380675	0.006520080150748095	0.015018033868157853	-0.013010806973723262	0.019582105408909454	0.00788902893291793	0.01637845274490203	-0.0
MMS943	0.18893932946108974	0.09078096813974608	0.061184964469758206	0.2063067405388504	0.20940508847246997	-0.0191384889633574	-0.02715705621783554	-0.020921752679542122	-0.09056615499153103	0.18332358645577845	0.0350777929936892	-0.21347289527730812	0.046580777067717925	0.028591808015291216	-0.03079978529689222	0.018220682267247212	0.03693680834776116	0.03060702647489824	-0.07318149258897205	-0.0511060460879121	-0.09139982213639948	0.036128574758436095	-0.0014338872336095983	-0.08869081148195086	0.09589032537305345	-0.023900016511242766	0.055150646424156645	0.021149145502481075	-0.09182367694469572	-0.07449147244498357	-0.039740124772195504	0.016049527781679843	-0.01765900318926632	-0.024490382143263968	0.042328369175313206	0.028791900963373238	0.05607548965149137	0.006458986680512306	0.050459898495348765	-0.0006398781400136526	-0.01047579534687377	0.031192291195869245	-0.03072539209994326	-0.007145405074523634	0.01845712458038368	-0.024937649962418127	0.04422546803121059	-0.009587671776409146	0.03967015941494847	-0.007624183899663459	-0.02061555056004683	-0.010754619833380996	0.04487150876030074	-0.0008612271936499586	-0.06957623748421471	0.02988230756156334	-0.03128367067234617	0.021181480973003902	-0.01759230381724538	0.05817829471233334	-0.0
MMS908	0.01547475023922065	-0.13827448512847407	0.02847431223412266	-0.15944068588162075	-0.005012996454918828	-0.0019590427442166105	-0.14187259058886606	0.04890284474268302	-0.04909104643940553	0.03022914255488758	0.013902082336013345	0.06829239126977882	-0.024639728984257134	0.026834333526591755	0.060197045317901564	0.011690412310793196	0.028333850616446044	-0.020221650953799165	-0.07347970883260586	-0.07646684556157148	0.016425997813619617	-0.07297024516759751	-0.014941758775480422	0.010674359333598614	-0.035288553427810176	0.1304303995748529	0.07909539279371057	0.1023513153841215	-0.09370648878301431	0.020296181295801904	0.017515152890180703	0.11828713618477149	-0.08309255982401836	0.03948235214960735	-0.01568387427054578	-0.03816031500105031	0.07891287371913383	0.025854138063900745	0.02340882451050262	0.07796057129351544	-0.03807693929616798	-0.10573162241563555	0.01036722602984927	-0.04239561525974203	0.021261777172697408	-0.027575596364771394	-0.012999657734376861	0.03473301219061557	0.037913047198071294	0.03477611225476695	-0.013557735943957136	-0.02346940887760001	0.011756649660627153	-0.07432333486514478	0.007925919640344985	-0.005657654335876478	-0.04212989145107995	-0.035714628894068304	-0.008662412027735409	-0.04096607216010972	-0.0
MMS909	0.2616278424695556	0.07938482827273514	0.03691809152954957	0.1611387954373525	-0.0404347375173875	-0.12341548444201396	-0.037923242124705304	-0.005722826006848064	0.05298887401334574	-0.05523399425190646	0.01852863422421092	0.09158305820631411	0.10438926891194085	0.047235877826495375	0.05260065186983381	-0.004000638881372145	-0.06209199765016916	-0.009195099190587508	-0.021723915578557573	0.12341967406954346	0.04895560701386755	0.03460838384619196	-0.11913907842273634	0.039186273040381386	-0.0553574460424923	0.12086229945442088	-0.04347412090981083	-0.020123887323071254	0.09375279898821652	0.04225487427768284	-0.044768956131458336	-0.04037467103855136	-0.0905674323987361	-0.05836377623465285	-0.09074365767378492	-0.003946514105549971	0.04114979523483645	-0.061870521410045155	-0.015941500943626917	-0.03715294933302506	-0.028401739617065942	-0.0011284970702227523	-0.03379541674068738	-0.07959359035281921	0.023753526508892925	0.00788447412105809	0.0754920180698215	-0.0450564537287979	0.0006147905004077799	-0.02624403630457971	-0.029430522687824503	0.0007642786913933006	0.044557054939369636	0.0029170628357769904	-0.03673617668292549	-0.011336160751726797	-0.04668542326770916	-0.012564462494072637	0.04423391966139719	0.021315093512711224	-0.0
MMS928	-0.020212189945804915	-0.1328776965770042	0.06039772310588947	-0.07899283363742178	0.029193839606882568	-0.0974369362369206	0.003946251813685173	0.20223255473064225	-0.032247530671445104	-0.035043227956593904	-0.04561527052281374	-0.05618048370048842	-0.018146957677220975	0.15534606039537155	0.05574509360697714	0.00248639881577731	0.03542417269682095	0.026687582590890845	0.08942978375069158	-0.01588042978162486	0.10189612295979443	0.010370947738053705	-0.044216604626748264	0.016193911971536128	0.043214736445361494	-0.030493172120576985	-0.13183931521268846	0.010920359325815934	-0.04150154943315186	0.028194032914557843	-0.020942349571706934	0.050929422597688664	-0.022644798700044422	0.04274422814233215	0.041709587016880635	0.016695917219630787	-0.0352343222383445	0.09758497425011925	0.1241137973957002	-0.009908183295254919	0.02050895045011606	-0.02368218468658673	0.006977077847442213	-0.007865360225988959	-0.011035797326486775	0.05863762981340306	-0.04644257937234433	-0.11108809405455676	0.03887489175828975	-0.04868956216031112	-0.0030501795617490068	0.05533539896537145	-0.004508821692862257	0.001781008741253586	-0.010922520740161496	-0.04946578184141404	0.004693638545270579	0.007391800736496064	0.031120263415414035	0.027289537010136942	-0.0
MMS929	0.06119518488336953	-0.13396093647147356	0.08303072980969019	-0.01987804855487885	-0.03672063470578983	-0.07472447088802113	-0.06351686315517771	0.040167521392140866	0.003266976784007256	0.09662748141814685	0.04377189376906221	-0.11986602113761739	0.035083703281396275	-0.0010674139454562809	0.11372901869165883	0.044912516063851625	0.035911274807087674	0.013579360184467317	0.11480043074006663	0.0907420257500725	-0.028162617357196048	-0.031261844869970946	-0.000576073623198936	-0.010300817377408603	0.0810300740391971	0.026861846546415283	-0.004301476805583775	-0.05991480794569728	0.020540676321686425	0.06581585514783965	-0.11020397060629152	0.01378387524863759	0.042269011818108125	-0.002089241683230422	0.012652019787513779	-0.0472337054493604	0.018509710305335398	0.006145655651802952	0.011117077131174803	-0.04067723991521487	-0.0033616407574877443	0.04744607689153835	-0.051412949515645685	4.603584722783474e-06	0.00178474068923915	-0.020118357672902213	0.0077238223246219795	0.06763892983251024	-0.010263596052471353	0.06770664041059712	-0.05103891278679875	0.05773777088046265	-0.10726625101965755	0.05282206414507633	-0.00507558850783735	0.0068852215801870065	-0.03736042538018684	-0.04339251863633934	-0.018098070566917118	-0.07408025197217652	-0.0
MMS900	-0.05531539562236205	-0.036069518864915544	-0.08586133682282501	0.06388619802721097	-0.29602663137627594	0.027181035245589617	0.01590425222045737	0.07075527865942594	-0.147849035337231	-0.0019318387746515625	0.010909366122320045	0.03441164806887905	0.09160444020478406	-0.07018849046879858	-0.048031584688478776	-0.07813562004661005	-0.0903073792045386	0.015364828112572162	-0.15362413375446637	0.030622115601199432	-0.0989416295833484	0.02280397641686377	-0.0804443313108934	-0.023713309915136666	0.02429928985108679	0.060408437191187235	-0.012674551312738577	-0.11051894055788478	-0.025337113752823128	0.01618272623629553	-0.03469851393427404	-0.044969310171437474	0.04183568037877738	0.0680272501944054	0.008459194326145978	0.04773306080512706	0.008039083163461719	0.08157828781577985	0.04349722875144453	-0.04110667415144053	0.013194007570459155	-0.09367556848456335	-0.043223304242953835	0.02864495103800537	-0.03896535813476797	0.0587562521721862	-0.021841594363003005	-0.029934967014575434	-0.0006486487758993679	0.02871333812556253	0.032294831932003075	-0.05115763878302778	0.0033942870889944	0.028947728672398264	-0.005253975012415823	0.00860334298387406	-0.012777018356691998	0.008790664137707443	-0.05614692745385354	-0.015616196078994596	-0.0
MMS901	0.1762724093384672	0.018236003965326802	-0.1360375289616216	-0.030019910107140627	-0.11829123391214687	0.25352071892221645	-0.031916988234796634	0.05954757788031688	0.03681590350529382	-0.008561317196812777	-0.018094852273347825	-0.024375642736555136	-0.03561608551349676	0.13015975456423165	0.03402234204978345	0.06687891616070823	-0.11418101071341674	0.041414577641533494	0.13210145441855906	0.10147657722508704	-0.06272869842611893	0.15422938205970643	0.08588726488385418	-0.11365101580951557	-0.03709168421355247	-0.01713766887073598	-0.005474317760556687	0.05250311213624242	-0.07102725815489766	-0.04936806394051135	0.029472455911302344	-0.03728302226411827	-0.08135204195443672	0.02337493337851859	0.014867617774359822	-0.039949229631696725	-0.016684791608792854	-0.00565221965899604	-0.08388591393572391	-0.0005880808387112028	-0.03228369112538054	0.013910035035848704	-0.025794322763997932	0.02400596064659763	0.024715098333188128	0.0568958217266155	-0.01962053396246241	-0.010604165729049347	0.02262493112456172	-0.019991990503611713	0.044013084552746204	0.020538786024986058	0.04277798839257334	-0.0022304720962627255	0.002400171555465344	0.00822004944355275	-0.03251068036212755	-0.030701716333817127	-0.02790829944116011	-0.03250127952245424	-0.0
MMS902	0.2638357197552914	0.0409256623004677	-0.07358311300990351	-0.06588663179902324	-0.0228694806943146	0.12377633116811587	-0.03152703595505502	-0.015926768479631884	0.011046219667907213	-0.038619193839024665	-0.008473957977277654	-0.023285299858984868	-0.013488570574902471	-0.07930900915803997	0.1008423914953913	-0.004410169439620646	0.050021722490321274	-0.07132353280207991	-0.005417885238917198	-0.12969829310684697	-0.0655423967857867	-0.027453299992004007	-0.053024931015935695	0.02257968480377897	0.09577176027956405	-0.05338778344505654	0.029525420569434524	0.049862842983713664	0.0455658158815995	0.09427366323115055	-0.017165930494319834	0.017268495670540108	-0.07162722222126056	0.01997758883254186	-0.01255296773372151	-0.0281343902193255	-0.0349063466025734	-0.017756074021141155	-0.028346893571598378	-0.08878444377320906	-0.021153761270198097	-0.023182974244257953	-0.034496030946479274	0.042721583002597235	-0.0282189007179519	-0.04216052243329023	-0.10886976620467644	-0.014516888316429225	-0.11690921463873888	0.022431266517192083	-0.029618044640278993	0.030282255892516468	0.09077046003389092	0.03295552980538089	-0.008170998176856965	-0.01857136770195638	-0.002092856942839115	0.0013454055097785209	0.012342683491391617	0.024462908373965826	-0.0
MMS903	0.10397372114704777	-0.036515121831395665	-0.03664268781133311	0.05677610327205978	-0.07567234380446188	0.0308323938096653	-0.00023019037006069977	-0.0008737940423374397	0.0945717571832119	0.045187796912400185	0.023203367391847123	0.03337138576185794	0.061361972867956915	0.055663416874284805	0.004038280575110249	0.01866404400044616	-0.016388354739277345	0.07163079547057839	-0.05451288497432605	0.043520504341887256	-0.08308540630422045	0.05834944584423335	0.09191198814799789	0.09716807957598858	0.018309351482363605	-0.06527847456665116	0.0846271651653631	-0.04109613449202131	0.09213653033479657	0.026347231537869293	-0.09548075000549444	0.10023339030708053	0.0014682859004111115	0.02250091784619847	0.07509026727216732	-0.018230916580887917	0.03755232958933405	-0.041115292156271244	0.0026427074343334	0.0030668781633140726	-0.0576479892463336	-0.019996953923028117	0.04396885157226978	-0.004907850055870854	-0.0618506162603013	-0.04757013073672056	-0.0735216773537752	-0.04179155664403823	0.05132123050887952	-0.08523726809166932	0.017365907683328137	-0.05240921059415693	-0.050756822799695886	-0.014356927658384137	0.02314465015583429	0.053250640013886796	0.02068197558086831	-0.0026747636306808822	0.06693482662994618	0.002398961690868922	-0.0
MMS904	0.0850205236416282	-0.08068774901297182	0.009190541337151258	-0.02007642709643879	-0.11306607492896117	0.07414995351010421	-0.05601195218553163	-0.06420263394340678	0.020977561406412	0.03672940322296282	0.012200988169775051	0.08741843593230784	0.07295567351462635	0.07703546369518913	-0.06395631064027585	-0.039844316551656114	0.019521759151586774	0.006652800658781319	-0.10925481411847957	-0.10971433379302348	-0.045768546813279125	-0.018916190445753215	0.07572160808253986	0.11884180715842052	0.030105327157356393	0.02414715761028784	-0.12276712871256625	-0.035182201901917905	-0.0796800446505451	-0.010013798435860227	-0.008200699229055537	-0.000563272048080093	0.06454205121212052	-0.03752143077125443	0.013704709732864473	-0.04188357865661121	-0.07891682158943203	0.011284177618468687	-0.01734933442805044	0.009542110301957278	-0.09942712327732747	0.10260867501574421	0.06435614422478168	-0.1224958767231006	0.028527310821479586	0.014983179976141615	-0.003412585967788135	0.023579746120499966	0.026136666979054226	0.02897333847466129	-0.003365940047250999	0.061184579632182434	0.04692413039130563	0.03721613223352882	0.013730954729034182	-2.5032413405799102e-05	-0.006586124183062984	0.02364095994883608	-0.014999069697892678	-0.008925063066469962	-0.0
MMS905	0.08786291143683538	0.016846738362841788	-0.05892752390494049	-0.017514105251639475	-0.050215952599930974	0.07352863349185429	-0.0763924369165204	0.033327387130278344	0.08153625477487049	0.038583865512601484	-0.04420320785633874	0.03368229737654203	-0.008952766308957763	0.015305541096370001	-0.03832822145379155	-0.06620722109526389	0.0447110257139548	-0.04976636507326876	-0.08938265769257381	0.03040677445994642	0.06224981947020651	0.02982332119078839	0.01127444444508931	0.021494269833017145	0.04337519593114262	-0.01622717971872109	0.010699515975604453	-0.006420930634997484	-0.005197494439408578	0.0069097139186480245	0.0645272281615576	0.015090047066808505	0.07774874169468811	0.023727134677627437	-0.013668065502056395	0.034412007406667826	0.043339311257531585	0.01830228074663841	0.03387516076517071	0.01828841454624138	-0.031344058432914615	0.042029002515216095	-0.055690188758464904	0.08101069661640177	0.012709674468557627	-0.0003910688357800172	0.09138728894259895	-0.06222138097387252	-0.07124184728637127	-0.008913157014040196	-0.023744745509073663	0.0791527280414272	-0.010981622331246926	-0.06110510337901566	0.08142583056050667	0.07723989606103332	0.0017344647643487657	-0.09040477442971549	-0.007548387506898934	0.038032872267094946	-0.0
MMS906	-0.039221963665904656	-0.14860580634029938	0.017539909943092746	0.0019441893205404198	-0.03730622481710115	-0.04010732573871786	-0.1440242615775168	0.08295102942402276	-0.07116482436656843	0.021693994792828252	0.036455467803786425	-0.08473756124298822	-0.016174012109266004	-0.11225846270766181	0.15411738554155158	0.050493713330511315	0.07973402541301054	0.025796217589530303	-0.02811768906603135	-0.016282253714433478	-0.04198309194901419	0.06277159420448776	0.014429158145005819	0.1448059001692064	-0.20507945473254746	-0.06683516556876624	0.0357697699464197	0.0765744990052536	-0.05188903366847361	-0.06951153186535293	-0.03958642195966614	-0.06935193468027094	-0.027288269717188778	0.021037154922257134	-0.04464975829020874	0.02641597555509618	-0.027070292375723157	0.022558526968993926	-0.021574669439936182	-0.04444936133062034	0.01871539694944938	0.05287366623507586	0.013082155714031993	-0.027932772203668157	0.02113232952558032	-0.00010354254056940846	0.022968906834042735	-0.06735663969692335	-0.009034644063908451	0.0454339122207292	-0.0012693469269263052	-0.05074270111579417	-0.03191323573042355	0.021938538675608285	0.014009237690115197	-0.002571009482660628	0.05170513492049051	-0.029804499337124698	-0.012554211999582236	0.025287746232806795	-0.0
MMS907	-0.05999664984367747	-0.12252621783909123	-0.023220338554823215	0.008812808763592545	-0.08951191464794253	0.02754013691225908	-0.0199430387160262	0.05551355035036058	0.0003924746399413203	0.06635455581711983	-0.008845667501971051	-0.10886426399595393	-0.10196039850218239	0.11331367589038013	-0.03493555774045654	-0.022572416129009204	-0.06343897856741475	-0.02011177703338123	0.10722194175652149	-0.04082116850991564	0.0991716066696406	-0.02012586890677092	-0.008062565707449338	0.12342318988561495	0.009276303089987	-0.056729637589624446	0.0121957682892715	-0.07393056650988583	0.08400087013095911	-0.06543007466004072	0.06748831888264087	0.04947716322791247	0.028718128335633444	0.06149261110097828	-0.009687015432904195	0.005753338283141277	-0.02979318495242737	0.005765122739394462	-0.04577865713591349	0.011808172918248953	0.03372319428493386	-0.040207206913126466	0.0204725161529874	-0.03666333225598411	0.013982442237664611	0.04057821398195964	0.016084421311758614	0.05659160716067566	-0.04534718044952794	0.04663271866916544	-0.03303712887465367	-0.08413661700164068	0.01889445245727179	0.01852850220339683	-0.017479147216578932	0.06256708856975834	-0.09185063936276407	0.01196364599172579	0.014865068896956076	0.04665753093982962	-0.0
MMS919	-0.06100525505292636	-0.014395826145893902	-0.04759200800817287	-0.03278748307864789	-0.11908302157492016	-0.11028449952889448	-0.09166438479659307	-0.10752431062637444	0.04995839361533705	0.049439037033035205	-0.007813838085866217	-0.011785625792735586	-0.03722374619306403	0.09131773074469296	0.012842682717883462	0.11561845873494411	0.0020127843174160896	-0.015851123963937435	-0.07114643414731801	-0.001596967923657424	0.007658070685752755	0.012347842031968662	0.05293916316426931	0.005327980851293469	-0.052431427031147705	-0.05895439737176354	-0.07296125669183985	-0.04670460938095496	-0.003428347098880488	0.037613646140019996	0.056423901313456315	0.011765334367033498	0.03786858020561615	0.011347892515194602	-0.044292425162733365	0.08428478968487896	0.016421278525466897	-0.1296526532542862	0.019493968624624766	0.0015582558965956843	-0.04226021127561287	0.010319789532508294	-0.03351983861194842	0.10953011179073456	0.03580877257396937	0.005075221947077219	-0.04589423489615325	-0.008317498628023688	0.023992384797338232	-0.01429378803115621	-0.11091916258082778	-0.031085550541739823	-0.005419767791494288	-0.04423377725311399	-0.0381771241244398	-0.06941221447710386	-0.0016334461341995655	0.04469880047411376	-0.04902971243086877	-0.01700170943214837	-0.0
MM943M	-0.30636538016036635	0.29306010046707426	0.3383723348063818	0.06769822325260698	0.1416719322119507	0.1751401483179291	-0.11653734218842986	-0.12778726823314565	-0.08500654103797313	-0.07511239806907043	0.2673055159038735	-0.07235888461099318	0.036548281544974796	0.11869312008388415	0.05733804427404862	-0.13166799132328397	0.020719367546740967	-0.06366222824524068	0.02829808380761343	0.035751668087298946	0.000329118886142117	0.026391216981244914	-0.010077959938019276	0.015414717701236131	-0.0007093557185137243	0.0376169314322145	0.016689250020991295	-0.025812401406160514	0.03729379769243764	0.010561232314198098	0.051417379043610024	-0.02406736042526714	-0.00032622444567029945	0.03882275671727371	0.00366305501947596	0.08048000342852649	-0.05868370524415053	-0.011087110970890593	-0.026183677095229625	0.03063929749176404	-0.043306409469867545	-0.03869688560475153	-0.008028247850916772	-0.026860593666206065	-0.0070089649769100254	-0.020493618108174492	-0.04239149364694808	-0.03408718329016911	-0.012336910306905204	-0.002927243452845128	0.014119624341032463	0.017860671408907593	-0.02593933770591625	-0.009933536495433269	0.010716064565382027	-0.003499751818613175	0.008378137183630287	-0.0025712670204177113	-0.01585537785924916	-0.014385332943826322	-0.0
MM941M	-0.22096736521350363	0.3659077251279691	0.2529186107918012	-0.042801866823245445	0.010302925767138938	-0.08666520941231146	-0.08502126017443347	0.06669858520285384	0.21367178671628775	-0.1208275400037787	-0.21319581045811953	-0.1910098629339619	-0.01802009455077914	-0.10309898754087905	-0.04413744391675379	-0.02946937968217206	-0.06644899238429741	0.08755659534136194	-0.05360316408427648	-0.002096508546901861	0.08497804189002732	0.060172102840093125	0.058833982018652364	0.044034778106248076	-0.0071124355520748314	0.054589565284633705	-0.005985384539431664	-0.03733397285003511	-0.060563995469521285	-0.014805485371741691	-0.03551070314795444	0.018230307887982286	0.016382300552149818	-0.07851659190585918	-0.02277227310336453	-0.04308654829957225	-0.01629479415399259	0.014115499726747539	-0.024546467138338916	-0.04158135419116123	-0.023449140749767058	-0.06600969203815883	-0.01650848588116894	0.029151194316694894	0.002165412870195866	-0.02549487592342535	-0.03929206279402107	0.02234572514529729	0.02475835113811961	0.010705650798691456	0.004693492974996366	0.0009295204675416373	0.031240613153334856	0.01386677038669696	0.007527093257999988	0.009727286820579434	0.0020330068305858336	-0.01671290180589997	-0.009930409551980983	0.0015868676869045563	-0.0
MM936M	-0.19155942783928828	0.285096277681723	0.30448066682696456	-0.13096865009681002	-0.008199079473002885	0.05457343386713424	-0.10583027415253916	0.1072206153915399	0.11469936880388437	0.00769322695903194	0.05459381957706993	0.23801264914598377	0.016789648295404608	-0.06758030570420424	0.07654077721821792	0.12436425513583999	-0.08372546094115196	0.012733818517546854	0.030095720970828625	-0.09665667856204375	-0.10092999566288699	0.00757587462558378	-0.019647335663844846	-0.03367807382764897	0.056060482690010724	-0.028185945922561795	0.00515600474242949	-0.044561968118243214	0.003999247828471547	-0.06857505421633096	0.02831950983661966	0.0093059596378185	-0.022021080286560045	0.0033647324298705394	0.0005084531112238003	-0.04867401253757712	0.004461426854705727	-0.008639479655391153	0.09938223804461457	0.030540304159817244	0.028099307360887584	0.08188452846812953	-0.03131803516431377	0.0211705659122418	-0.011887108912433757	0.05913089106488266	0.0354406020308393	0.013098755555894789	-0.03203305858661387	0.007887812581291648	0.006055232417570976	-0.04335760424159672	-0.015841746345144448	0.0038061171370045222	-0.022806324150946633	0.0025437693524024197	-0.006375911242381838	0.010861227477467452	0.029488783549407222	0.01137597669032893	-0.0
MMS706	0.12145058648491547	-0.024709450131623723	-0.031832355427301194	0.07153948763127385	-0.07846002799038282	0.07400507469039157	-0.0675836465597378	0.045484360170497666	0.0018855872467866714	0.12238420708556344	0.05021889571683727	-0.03557765597279787	0.09228981422966054	-0.17448961901849602	-0.009267589448973792	-0.09863391977855922	0.045576313991008977	0.03450875230851294	-0.032156250532020855	0.1580719121798363	0.017329809648427737	-0.061656753193794545	-0.02087950021597176	0.005187719096084439	-0.0005080994628037147	-0.006105774954402851	-0.05052327633546284	0.02669579945326803	-0.02031614346767858	-0.09300309416519308	0.09215663843110522	0.025396886143233714	-0.07029457757329317	-0.017178842190765712	-0.07435038333681786	0.003610450213796498	-0.09777813860402466	-0.007757549845830541	0.056297371581043136	0.03432651449222351	0.025852866355977184	0.018609049091511336	0.09009597935479091	0.0940686981138714	-0.016647442651307087	-0.030469693620447283	-0.04118778403115837	0.06550139813108179	0.017286663818660314	-0.035318561301490366	0.015048737358324045	0.02553561847862783	-0.01843468486073497	0.004759209918690626	0.009947903349677921	-0.031392103092970004	-0.05031757412762532	0.008238585637131016	0.04403271219494823	0.005543918586088185	-0.0
MMS707	0.21619505775367379	0.09155511389315318	-0.06391225708760348	0.015115929584622519	-0.15092718184729695	0.23624196311497006	-0.11641603575695514	0.0506888255748628	0.10983966852372398	-0.09768503233935878	0.02990164329764378	0.025620668840986693	-0.03147521969381459	-0.016117890983661603	-0.08572643922577228	-0.07830546825153986	0.11535509634522274	0.01536156919660389	0.11034830805027296	0.03870759949777911	0.0027510802378143476	-0.08571516221884186	0.04485402429832578	-0.055575013081456785	-0.022207814124301235	-0.004204257876265667	0.029478889339302785	-0.05965202314827269	-0.04681164544829748	0.0016452304196212973	-0.04413345063569994	-0.04441974005946625	0.028585437150641928	-0.0620973618284984	0.004995617850966344	-0.032981870312337694	0.04306875992306934	0.005224466524547367	0.041935596883536805	0.04289913569350756	0.10427719724545331	-0.0460006139005071	0.048088757953152726	-0.07712505066604525	0.013971776863936917	-0.037629559186603614	0.0013875491931607813	-0.03116991788933967	-0.026337697722024326	-0.02944913581449452	-0.09228230234671901	-0.020466449063572065	-0.012657125134450773	-0.011080886297904505	-0.04457637521159552	-0.00454375112873348	0.0471836832448079	0.013570464728294445	-0.03808010717255333	0.01567976316227328	-0.0
MMS704	-0.0582463298619197	-0.05285816129037744	0.024285369446001077	0.06026745363159672	-0.037911102701911975	0.06359886176386957	0.1786157730555966	0.1409219658898625	0.04663732518491974	0.013283684111257937	0.12165311431355148	0.013643009199337983	0.13238348939208072	0.07924781724589106	-0.04209636508095513	0.14028507683173938	0.12941106383301146	0.10827019934372274	-0.11778444921598664	-0.1220311031185525	0.143247186076213	-0.03972740432370542	-0.07806748741423762	-0.09689208721085005	-0.048233431039111534	-0.058170132779941625	0.02454358005900582	-0.037895594968661774	0.004342695988895874	-0.04832541768225489	0.048733346082358776	-0.03465573326708662	-0.019974247970652614	-0.04909384045556257	0.041740517465705375	-0.034736158265221764	-0.05453526084769783	-0.008215988987114179	-0.07189223799541897	-0.018428247349952707	-0.006584380333977001	-0.039008911608739476	-0.06249654111161116	-0.010850345138575626	-0.006513947894210273	-0.024912128165204526	-0.003606358813742555	0.02306244536975702	-0.003700145098792834	-0.03739360675586902	-0.017912353854457337	-0.013338142446983347	-0.024270020047565257	0.02931062761914107	0.0233198577612956	-0.019323302126121173	-0.002965649113956797	-0.049573485641722856	-0.0007187603760377032	-0.011276148513510336	-0.0
MMS705	0.008548186007644527	0.09026651450077981	-0.002518024488770935	-0.19209058772379967	0.0017100422804410009	-0.07616711852978002	0.18284885517040897	-0.0865293791639015	0.03459461194922396	-0.09946408674973727	0.173628525666988	-0.018779766540482953	-0.15034016845457743	-0.034838446280089336	-0.011493530841340896	0.027656808099482143	0.08563868096598808	0.11585258658966963	-0.10491927487440683	0.08032863813355706	-0.025614276346329918	0.05561266574907192	0.050339681655000953	-0.02735294856094454	0.006226501524859153	0.056560035772402116	-0.07674595538979233	-0.009103554934173641	0.01802551811062873	0.01890180756904769	-0.021723831216703102	0.0657029945310627	-0.0971357441661694	-0.031443557710322374	0.06835106187154198	0.05344751269926716	0.07721467316547372	0.0583222446349314	-0.045813418232813534	0.041992205073037574	0.0307590360153768	0.03835841016689108	0.07062142506247351	0.02395835892632225	0.010629102851580802	0.028195540740447098	0.012589907302571113	-0.016463616292174205	-0.05448134854912213	0.04121365415263379	-0.028415008597657714	-0.010681252940706341	-0.0004738143358534968	0.04671774790263305	0.036277501339011226	-0.002534488725732936	-0.03601738419182225	0.01691596991444216	-0.007526406367622331	0.02219768943529085	-0.0
MMS702	-0.24793223539772266	-0.053474674755540116	-0.06244947331241069	0.2367042646576144	0.026183507424372594	-0.04295374063156087	0.008534066720279294	-0.038927566216259625	0.005942516236713206	-0.16637581469197454	-0.07297845690783869	0.0213038417551606	0.0014776644213692531	-0.08316832807343033	-0.017821496283102638	-0.04681925846276352	-0.01620971954082221	-0.11162202922505927	0.021443779774824034	-0.00911426893381454	-0.008400354712758703	-0.09444506819387577	-0.04141485369167234	-0.04976623266611401	0.01193845213428751	-0.10146817101580335	0.0020021251394666795	-0.025568739055401163	-0.06039501214880988	-0.02141584059910372	0.02710457518210619	0.06398789714552293	-0.02721049559192539	0.008009603683852205	-0.022064645189143035	0.016525182585025177	0.10783730018537396	0.058787917875414535	-0.04786311755988946	-0.003290826484729941	-0.08839670898210926	0.0699046202086761	0.03194320164968245	-0.014180347506522386	0.10666042830879201	0.03666364789744304	-0.05792544954974825	-0.015841123624083884	-0.020407053122954485	-0.062002831393594963	0.005241638139021161	-0.027400959890700464	-0.0403273079536175	0.045529231800928355	-0.030605081543207766	-0.0026742325779535218	-0.017399291768042592	-0.045625938458060455	0.007871558576503252	-0.018116838216626525	-0.0
MMS703	0.29227135479129096	0.1654945541511205	0.03486565320439253	0.23344028602882	-0.00540673773452919	-0.19353599521499695	-0.03217696940187623	-0.016173685382296656	-0.04699612296405348	-0.10311314356205212	0.03103265188769697	0.15016750999953168	0.011634173969589913	-0.015963421004755663	-0.1012246974950972	0.03716595744208625	0.01486683574679205	-0.013068087268183596	0.06471275538347498	0.10030034664057705	0.13057604806514914	-0.004667521916977814	0.07809924402961532	-0.008719443306696785	-0.004785200009481763	-0.013037737867167	0.029399585526877523	0.06937619046566416	-0.005037079744274111	0.006950600110711555	-0.004285587787682164	0.07284298580942049	-0.024509753708943937	0.09368034239544432	0.08272936840730868	0.004137591329881196	-0.09489877373097069	0.04692952508032308	0.04639275028611217	-0.009326790103724003	-0.037365780589039006	0.04560225111462013	-0.05527971199092561	0.008160032996617893	-0.01853394126650597	-0.03514641513844966	-0.0034224593019543392	0.04558643772037202	-0.0007312456067934507	0.05784753108727083	-0.006266871437044904	-0.05123473411241978	0.03346510291290338	0.012505198426279233	0.004186983149028049	0.004712849922114777	0.043680787427943665	-0.0030235518600144617	-0.04287015141332297	0.002988724599849552	-0.0
MMS700	-0.16688125673424323	-0.020336621260482742	-0.054748595867679974	-0.08211338538520793	-0.15836329266768634	-0.1577625766988463	-0.09561574920293398	-0.1910603378092399	0.03303183892870558	0.09903602994090448	0.022955945570370465	-0.04121503455026994	0.08773098368921356	-0.06216492593029591	-0.047338725892932886	0.021524424586484805	-0.04185071453975462	-0.03756031248078668	0.09732300531451052	-0.048557809242652246	-0.0011813725534055397	0.048027252334268446	-0.01685471860147418	-0.04340599276686305	0.010216134632304828	-0.01962678286943493	0.054083714802926924	-0.06279277672017818	-0.0173521124476014	0.08892580575485497	0.1332870412901187	-0.03285573150010313	-0.08314625323717448	-0.03004146432783083	0.10983813737576677	-0.02418405581806195	-0.019760316077602348	0.06009351579029468	0.0077955270435471355	-0.09368618841616641	0.03599473543330529	-0.005248271037318575	0.04163821214918257	-0.02371255146361626	0.06565126951493787	-0.06957461384728814	0.05159598086384257	-0.04744749299241913	0.025297521529732088	0.004595203202598085	0.005715123294602056	0.0003560248134928136	0.002456871669746791	-0.03052201397383473	0.04467047338846128	-0.00021275877597650285	-0.0031001552318819774	0.02861029623012545	0.02507063498465184	-0.011620195551406566	-0.0
MMS701	-0.27425581368311536	-0.11339123147779978	-0.020161118066395957	0.18613905251484136	-0.030385369351693753	0.048502123443513	0.04631611862587609	0.027301409053040876	0.09848519933012106	-0.033208996329385995	-0.004086827207633666	0.05778972965854554	-0.0159319626976972	0.0043217127403674385	-0.016430505119518168	0.058919549700623734	0.09965222839602138	-0.03760396932174783	0.06400473815375265	-0.0307112599906417	-0.05067229294617438	-0.014556344650512922	0.0628982203389992	-0.038848563554646456	0.04472369545764898	-0.004014877057660982	0.1030405879701147	-0.027509886052752668	0.020928568429586073	-9.607485109e-05	-0.054008697387271425	0.04623188699682963	-0.06253423478160898	-0.006163630504686901	-0.15263577200287812	0.0853522525825654	-0.0167490412578927	0.05903442768667821	-0.03946939126865181	-0.05560587456605756	-0.010592582137030017	-0.02543845540171818	0.008415576290190395	0.004083877057065624	-0.06555937033072412	0.059793112235833966	0.04847953792784143	0.025205337062117375	0.0857598958322157	0.041314366962852324	-0.032582605427557254	0.05962319991317038	0.01367598653762254	-0.019020091134636825	0.05638734993471723	-0.008269044922736711	0.01095375150840562	0.050666131566991575	0.001065861032390772	0.02378891169392731	-0.0
MMS708	-0.2268110011129036	-0.04637886270475981	0.03605711028765454	0.043009557691213916	-0.1655818989536857	0.008805345813628998	-0.016994916591970614	0.324304825538058	-0.1807629865369614	-0.05484003010517516	0.11928548426644969	-0.08313279843071615	-0.1232776480513955	-0.08339069007863847	-0.19466766243342423	0.07272018425908283	-0.08453412811478876	-0.05770896830033944	-0.03119076571648461	-0.01093422064268684	0.018259355992666915	0.031092852859932206	0.04316827325259405	0.024470847781379135	0.04838072276941261	0.03341824004700584	0.019143748877382682	0.10885268179475875	0.0467135669593722	0.059011188228363716	0.02108719410046231	-0.01948842657470972	0.012372184409257464	-0.037336264414650676	0.008411215748300215	0.016387518762619187	0.029765039482479952	-0.052422043082672766	-0.019027804086576488	-0.0004911960107025437	-0.009333831219416762	0.052259747854515134	0.0010850112700823628	-0.01864710855014943	-0.010151174964377488	-0.040824325121308846	0.019868782625509365	-0.0005435175822359247	-0.015705813969713697	-0.02171966347958362	0.0015976678522343708	0.043047312488111014	0.0005370643382257357	-0.017469772172547828	-0.04168579569962196	-0.0015580517718756296	0.013706457075606557	0.026867941297960746	0.03604788829540929	-0.02693827183594837	-0.0
MMS709	-0.09603709102853311	-0.0012644809864261052	-0.09321874267910966	-0.12945334321242433	0.05893841506511653	-0.08992175284391973	-0.10325277461340454	-0.027518413598823226	0.007939759358284598	0.089708185623075	0.08553916293648575	0.057340605406608784	-0.016473762840719684	-0.1022696124053108	-0.04410963578698375	0.09515505762238327	0.10797663725082202	-0.024871085548789067	0.06439364198435081	0.017931878487979776	0.03809677785312424	-0.07430142498177163	0.03046209650946621	0.041662627824025626	0.028915982998492303	0.02116601587517111	-0.021855329286123312	0.000941289999720306	-0.0033127612897040017	0.08659109825032227	-0.005893732645286825	-0.05843322688403547	-0.019724154893389047	-0.013124502660759237	-0.003769358000189161	0.03336253256221278	0.00542024567820623	-0.09406418477513911	0.00889696126952544	0.03750177887590552	0.014469490227716297	-0.064752469549852	-0.03391660826351549	0.004238205098038493	0.045031043236902046	0.0698737476109312	-0.036191501033141484	0.007695582686821786	0.06504795564905864	-0.053569704541954796	0.08330166059150364	0.019913749899489235	0.02860625418094841	0.08395626939004935	-0.008078445032488566	0.08911898822495144	0.008663661247866217	-0.023533163769233926	-0.03825549087765107	0.03585693515267758	-0.0
MMS917	-0.03038006324076666	0.4587692802508302	-0.2387879541406391	-0.26600097912437864	0.1561878715085865	-0.0146839659531957	0.12617358098708753	0.1897918773696197	-0.15223023111966388	-0.03163225437529091	-0.044219487966755164	0.04511114371640742	0.20408687907512982	0.04332768973921223	0.033276285247382416	-0.001524621234241009	-0.007983520097375223	0.0016717835162237422	0.04325211778462388	0.06104352193451058	-0.005585595356261434	-0.07638204626440694	0.05968130045760825	0.04858173929661135	0.02593887354785352	-0.02150392532447092	0.010556809596589315	-0.01608456731520735	-0.07044931534702015	-0.024345728504356404	0.009061022826080902	-0.0024273309955682876	0.026475742312289198	0.05019194967330242	-0.011967778919831066	0.06708255441406262	0.04733865669228978	-0.05119206464248132	-0.03442814624605605	-0.0982479426638649	0.003982296311469759	-0.0009886439447000218	0.04724867097513737	-0.023009084160871544	0.018096949751353685	-0.026126825436673193	0.020968516452926578	0.018440071096165193	-0.003898512211458774	0.010456592912797246	-0.018093889147736467	-0.0070391759033276045	-0.003193636647977799	-0.014826511722924566	0.021856010199413786	-0.004636112717185655	-0.008532590939962571	0.013481172970108707	0.005442918966547589	0.0009019762747118084	-0.0
MMS939	0.042754598964741465	-0.16355592080057138	0.07259802282806359	-0.07209123929951437	0.11641787211649951	-0.055620185741090254	-0.12281142101946586	0.06270509856512366	0.003315700349702071	0.028326796747945467	0.0017957425722395046	0.07222669080760612	0.008934074104006522	0.04398549124485834	-0.04643360962964611	-0.09814853447420954	-0.08859504588150606	-0.00024368272195622172	-0.05030665527877442	0.06490278308878739	0.015963346449981437	-0.04081234783390298	0.006336470094495015	-0.051611602829725996	0.0778344431152771	-0.20275810223786359	-0.08185426940313147	0.0737271748974544	0.028709646107220994	0.032784256241433433	-0.032428689961535785	-0.05674200284735174	-0.03930818094752111	-0.11460564071877073	-0.03634633133742862	-0.038404074502479416	0.03614281466514077	0.0034239121031646243	-0.05014846436705695	0.0107430598795827	-0.010119468386527265	-0.03263440669242062	-0.03753088046330179	-0.03004552197240879	-0.018143243144130097	-0.02145844846271058	-0.0158771015773311	-0.01131792392427281	-0.001602596502594126	0.06474376310835095	0.04949769300297624	-0.04171528884376045	-0.051794365430566106	-0.036979644395291694	0.05346796301994143	-0.01657617765917834	-0.016158075281648237	0.04047294378963311	-0.04318774741230139	0.03108425371145341	-0.0
MMS938	0.1893210293286826	-0.061298814290202466	0.0869977268855135	-0.018519297541023372	-0.005259796946861956	-0.10201508981991149	0.03225020860123373	0.022293453944251727	-0.006626996275264979	-0.13586983844924533	-0.16459109612576148	-0.02371394561293843	-0.09144308505532645	0.09995400237639883	0.06975048596114801	0.05282572727204054	0.01689347917265179	-0.12655292450721653	-0.12353462189634808	0.08471021527077736	-0.09180601594487003	-0.03791624792916063	0.0435805925900883	-0.03376332938687658	0.011893986433448658	-0.019512440705994897	0.14055184883345243	-0.00983620656462253	-0.03245194747936631	0.007760831721362378	0.042368638688406096	-0.12023485123687656	0.013569576411625213	-0.04089609408396435	0.06424510570991583	0.07179544696439186	-0.08537083797877631	-0.02517418536857881	0.05711432558601971	0.0594584887060424	0.02005605068214297	-0.03435779109421118	-0.001594991599722404	-0.0464042002735019	0.028897164272445038	0.021048367647589338	-0.005046844501558043	0.038793060328968676	-0.015622972477508539	-0.0038732768109290727	-0.00031640850741431354	0.008829826216182094	-0.01633004077132507	0.03719035607730357	0.03947315061618776	-0.013465096258106803	-0.02739773095075058	0.005975899904832012	0.052427615985326956	-0.000872843773269213	-0.0
MMS916	0.021692085012310347	-0.08565299866637274	-0.024184196721767227	-0.13021869760329224	0.017381376514121246	-0.04250152760358266	0.03156574243030294	-0.057900707516214525	0.025045114255859525	-0.023563858969751283	-0.02267411377076314	-0.0443742231352303	-0.1262102476720627	-0.03940803505171909	-0.10808697079462813	-0.057000599744992005	0.07060604498499183	0.003235505795008706	0.050206632600984354	-0.041167598985877255	0.015076581638464762	-0.022660457710112006	-0.06563908862303243	-0.09006487326937385	0.05384110722833391	0.0534516008297465	-0.0016178473116780412	-0.009906602284594826	0.05241819628340479	-0.12602433924826612	-0.053930200742053236	-0.061926061764633125	-0.025397890255375703	0.007667201575575514	0.01443385304987527	0.03176368308845682	-0.03566005682730207	-0.12163790075992063	0.07747320890414029	-0.09997433462330971	-0.08273258505045807	0.039729208499381996	0.07016444830129999	-0.040008931243729236	-0.052220145155417945	0.036979969715790366	-0.0180463727066512	-0.03691789743340599	0.010511458555582307	0.031102736193928275	0.020686682403602656	-0.05207517965708068	-0.0009885674921390859	-0.057072298434363344	0.018353531091809885	-0.003665929527247161	-0.008529354053052045	-0.06062321449396147	-0.01142093461844699	-0.02837359077720736	-0.0
MMS931	0.10938563598818844	-0.07985623558709486	0.1844226033349889	-0.05622283520655316	-0.033568266586991136	0.03180573734590868	0.11218752165573004	-0.1109153504192007	-0.01137914958134084	-0.018153658793338374	-0.04579316289834522	-0.04269528188670067	0.19000839250295487	-0.026090951624441354	-0.11367538341477242	-0.04136231471761309	-0.011744033505781841	-0.0028811299111266447	0.06534042434955838	-0.012350843413207706	-0.024806985765879298	0.05312826519671027	-0.05323076791599353	0.02903770800842501	0.02263442896341667	-0.026603996699451342	-0.021635191992666235	0.15181313026884166	0.003350704688670708	-0.01524119581854108	0.04652598702936166	-0.040044586260867286	0.008476775303822263	0.009582494548645515	0.025814956664928574	-0.012755390170086933	0.06290230242885159	-0.030733806607773858	-0.010628824131581808	0.05178399382106452	-0.022796083091917815	-0.06554736217937318	0.0181240235132833	0.03895034596672446	-0.0009495738929658018	0.10527463972739663	0.0045504759725684745	0.009614237817428992	0.027139337125214966	0.06722845035778813	-0.09579581991242693	-0.002710107531998535	-0.01166432912320442	0.040038685180054524	0.001880327230424901	0.02000481868646038	0.06818615661914712	-0.005068389226267775	0.05395019512261518	-0.011595706033642884	-0.0
MMS915	0.0973854654260406	0.06640931906680846	-0.025461103778158384	-0.0983480637847121	-0.14725535013694224	-0.03073491648758523	0.22650112955243565	-0.16072660866642366	-0.018684854928091403	-0.022711452708060877	0.10277685400508407	-0.03601845108302405	-0.10091788697820962	0.04213576202027588	0.024620360513279066	0.011419998711734027	-0.049062605567843684	0.0795150064106956	0.030174906426658914	0.03286010144982829	0.04060988254993967	0.015451035747644856	-0.0781645690771961	0.073144297023386	0.07876508769107861	-0.02378734892471098	0.06445359157700686	0.01156794709628575	-0.07388638370124034	-0.040906101436455324	0.04546471150074911	-0.028048772918923937	0.03909450769265126	-0.01275370846745257	-0.15609690170360602	-0.01768080960494426	0.05359788237185603	0.03298110234183737	0.06754473343257157	0.008780653360083553	0.026332613219833965	0.058631256264846374	-0.09560304570903294	-0.05181058608821929	0.02428297677690085	-0.054826354301271	-0.07440591302364202	0.0193542966162165	0.037647269394440804	-0.008635692661132335	0.026412967231238434	-0.006563454354084065	0.010085868772472795	-0.011343337438009762	0.027275651822967865	0.01390350669349034	0.03660843079704948	0.009508683591659047	0.014494021809126833	-0.003075182395360964	-0.0
MMS932	0.08140413176888317	-0.16804328500378962	0.13997391782913343	-0.1243464210096948	0.0411658674085883	0.02339880657495734	0.11061802556504369	0.0185345905059002	-0.06259923645764073	0.004040614486146322	-0.08242649165845069	-0.07487626911456914	0.16675602530329905	-0.07148941860597191	0.03481310678449826	-0.035204891916524046	-0.008757996261516238	-0.032307987979161894	-0.04284802369797614	-0.0045862199244097734	0.03350641652095973	0.00620626373408174	0.08439766389277405	-0.09179150474783739	-0.07635098718028428	0.006602721766978387	0.019502098578776078	-0.05366885289182097	0.11514792094174083	0.06740084823091251	0.01843166061331885	0.08215980662275364	-0.010489472352073414	-0.03961788772796821	-0.031696729466843966	0.040925413868964464	-0.035007668475536435	0.009417791028035128	-0.0028147461255270383	0.030617970014515532	0.09823478241435236	0.10554135384022696	-0.02435716800520397	-0.05610589670579033	0.02226032821028902	0.0634111132069119	-0.07244303745363889	0.000722278487207205	0.0028663361328334198	0.011682160429565068	0.014027595356557496	-0.0037027774399455674	0.03590940516766122	-0.07821028296959791	-0.03095377111391354	0.04699274151108166	0.01855924138145868	-0.012518506022629905	-0.020841179955887468	-0.013579083913528045	-0.0
MMS918	-0.2771588811912617	0.39240558992502966	-0.16470687738340758	-0.08980330063525876	-0.2722788227101112	-0.22922926724858675	-0.009922012172903224	-0.08853073367197278	-0.017683477922952082	0.07472412497637913	-0.029612781128383864	-0.07487977504264239	0.02647641130446406	0.11620375298276207	0.04523185507766003	-0.0614188443632556	0.027092272925663973	-0.04039214420384158	-0.0005230179332505554	-0.025158957384877164	-0.03224462911061096	-0.10429302447213101	-0.020351769005262057	-0.09277472739042075	-0.03898226804650883	-0.02653922325455512	0.015526506951426175	0.10762672788850336	0.060823719542031925	-0.01761452612904739	-0.09209886898330852	-0.00667899537840504	0.01767680369356338	0.0009385873511803375	-0.020332553489716958	-0.05702956611489706	-0.04983174665280186	0.036499614939711204	-0.04745602873845733	0.10076246201341697	-0.0053611945476850055	0.03336990938947976	0.013962015567099298	0.014703620740071135	-0.059766073250303295	0.009340492434414309	0.026853453115067715	-0.010713022319758977	-0.01242851325974646	-0.020636321842018506	0.012227423678757723	0.009983330653167054	0.011954795176605273	-0.0010297347511405476	-0.02972601047247195	0.0045426860192344575	0.0073682751889680145	-0.014610789882542387	0.004470762745799554	0.013028873956387159	-0.0
MMS914	0.03622409611288683	-0.021013835372573057	-0.08170562170526123	-0.022088912332301244	0.10711123344290631	0.011150182759734409	0.1841973984114925	0.007612842130159113	0.19037149168580414	0.1381357083507113	0.06479066411477477	0.020493844064045637	-0.09956985933211351	-0.059133784953893286	0.031381120189891885	0.007453338843163556	-0.1879347596911537	-0.0219372959245651	-0.0064172585865343	0.01885976120441602	-0.08589285161931876	-0.1210804378579782	0.05879971477817158	-0.03125470250226698	-0.05748844532313963	0.05297653087945941	-0.07410179052313298	0.04855181780758479	-0.002492480234050229	0.012946907158935757	0.07642835755078832	0.003919082058677001	0.018776039206622658	-0.015602001700310588	0.007301387960512026	0.06241650232352451	-0.07156725131865266	0.06627009935432664	-0.00671969554610169	-0.04886853219309248	-0.05368723639092262	-0.062343125166018004	-0.027014768469987138	-0.04656646407171222	-0.024914814811944425	-0.02764052740433621	0.0013918084815196193	-0.014532270676332499	0.004416848075027151	0.01162322785424655	-0.035623100001508416	0.007591302347083803	-0.04657800961311643	-0.0054847762666298955	-0.06960892198677385	0.02099407072005426	0.0388867594735631	-0.03959894565021268	0.008803618314490192	0.025742015769060607	-0.0
MM9362CU	-0.01006276091378675	-0.0766783621074758	0.16020451671130373	0.0012492411453987053	0.007260581251860078	-0.0030471043269762977	0.22319516766602715	-0.047054840381257734	0.14418111954346824	-0.03175647993729593	-0.05454318412666559	0.005301783029004211	0.11679239981451134	-0.049159594085270736	-0.09689932848991066	0.07128042048433796	0.054481833361187074	-0.030552370413025384	0.07450285687899151	-0.053360133009371105	-0.05586060169530268	0.06591015286122333	0.03678692494327289	0.08178736512259173	-0.008927336851765515	-0.01514554930025987	-0.01916205216619972	0.08521111002515533	0.01788096659504921	0.04274594152871087	-0.0568743510879702	-0.08855586670638572	0.015633301598549657	0.0935731752341452	-0.039670701032909345	0.029752940858722498	-0.006103942941497553	0.035692674864533015	0.03525008717646994	0.051839953322706724	0.0037174482938704123	-0.020323213329371762	0.028375821817963685	-0.0025756607760631604	0.010235494562301646	-0.07282002114647751	0.024125166616319412	-0.0027991773973870906	-0.04551723950127918	-0.04898862067166091	0.04774894618872596	-0.001868167000188895	-0.02233434791803195	-0.03605383240921177	-0.02400626548562867	-0.030283302607598594	-0.09323525538903926	-0.00307564756662646	-0.059885528756086104	-0.0011371744599730804	-0.0
MMS913	0.019302914174847988	-0.07272939094484648	-0.01134834570215843	-0.06034583317762536	0.03138188298041174	-0.03811870130563769	-0.03463445539764476	-0.0389081868867766	0.08504666216985557	0.08292807046476931	0.03849813969236517	0.04298301557493667	-0.007744154776804316	-0.015895990732398817	-0.05248792513218242	-0.11133841567514485	-0.08341593577350027	0.03159168629895579	-0.011933546799356952	-0.020161676886626508	-0.006780480421368605	0.018421741305946267	0.03303116772702917	0.005211411650365598	0.0028161817561340404	-0.058292602428052266	0.08556484264257823	0.04834123375291933	0.06568889668054143	-0.08998427517530543	-0.026993982270486078	0.13469443906418302	0.06690284095411816	0.00433484199829431	0.00482721900297641	0.06619340365361386	0.0077468301593467325	-0.05210067104001239	0.004214150744805389	-0.013905098835114593	0.09286005350318143	-0.041926376239239456	-0.03462509361988846	-0.034771741410670236	0.050664205458836827	0.0031178796795475164	0.05350398521562899	-0.033681187861154545	-0.009442794670712473	-0.017699305164157148	0.036318742389626256	0.039142384501714096	0.045773269591845446	0.08392552712533843	0.01119415095071037	-0.10790096200793219	0.004790896072550466	-0.027531582833239737	-0.011224087266467623	-0.04495196051902093	-0.0
MMS890	0.06921582195248503	-0.18894858900896164	0.13682881272318068	-0.12698891979912189	0.041510608102299826	-0.026935530704234815	-0.022945444321607108	0.04058705610394912	0.024772402576720642	0.01468071814825192	-0.08261150298971946	-0.029698336638559916	-0.019005064510546003	0.01251403961276094	0.08441233489783025	0.016411053484393243	0.04520536504374118	-0.07426534075088141	0.0053969600524844605	0.04530305721291474	0.007947968355677428	0.006636179559444999	-0.05366755465637178	-0.01983393360525268	0.030973644085935854	-0.03880637605526401	-0.08114083803907107	-0.04597596292464966	-0.0032397177737726922	-0.03891634196176865	0.060178028375587854	0.010492197574861913	-0.02262914413303606	0.014987488285350143	-0.028501671161528318	0.05243454940325866	0.038678434993309176	0.03386950455501153	-0.032395167225779294	0.028003568838143294	-0.02968839430701261	-0.00047277770962537465	0.02686021227213713	-0.00646972112822489	-0.11024443693742657	-0.07946751329878488	0.08614601216580904	0.015981144453097264	-0.014781267857296465	-0.07532172018681416	0.0068585525530664515	-0.04018599605269018	0.07147144516481126	0.050923148651069186	-0.005357339048992406	0.051623181993656245	0.06288912590582083	0.03399119166770098	-0.02509153778436697	-0.07886073953716449	-0.0
MMS891	0.0427879027989967	-0.1227274313319491	0.05593842724832983	-0.058199460211642504	0.035736182888615325	-0.025389390956397015	0.02696331819851492	-0.0046682705878841905	-0.012018637205474076	-0.03653903547824348	-0.044223765013844486	0.029789546487988358	-0.03078512502205328	0.15852788246558816	-0.10199642037884153	-0.16473977763425596	0.03954230229008109	0.012528899186536595	-0.010452356290694138	-0.06024321753212057	-0.061841558278466435	-0.10362201260045176	0.06635678203747034	0.12233040603257829	-0.049736877481462625	0.06071713046406444	0.014432706728546381	-0.053174852006700614	0.0309852315458397	-0.06041435701612442	-0.00047549798733935434	-0.06306698740991525	-0.14867335507072496	0.005322726614351703	0.03660748552517307	-0.032471618348850435	0.03531001711655639	0.021108127365808225	-0.014493710389266634	-0.05534056393272311	0.03864470370163856	0.03844931540571099	-0.08543169307586881	0.11268275411102949	0.021217071352074835	-0.007879841015217527	0.019846287970996607	0.039849767704696504	0.007095282886199722	-0.01656755230024149	0.03717624687818075	0.024441463096024112	-0.027516425863321464	-0.007013234253201811	-0.05408339677140063	-0.0004913516823269271	0.03279372105517363	0.010736837653157623	0.004407329988486494	-0.00954734211270117	-0.0
MMS924	-0.27511841486668276	-0.1395081641708406	-0.1447996370669371	0.18998976197347472	0.0526131306912423	-0.07611982222766965	0.10223789281488091	-0.005550970200853897	-0.021059191458064723	-0.16807568159778388	0.04734466429329391	-0.03174176997568351	0.04465052478339534	0.01387226817930054	0.07061908108209754	-0.028621843645476958	0.04689537580922681	0.006926335940238457	0.06355746724127954	0.022409070046174304	-0.12218229860140571	-0.01305503213686789	0.04712299902066847	0.05359927858204587	-0.049298251944622166	-0.012506258109168777	-0.04182079990710033	-0.005145756703998308	-0.03555785797028575	0.018534539253337756	0.12379549535801103	0.052295608909281116	0.050441603567010114	-0.09289914282852071	0.04064973140942724	-0.10398044628929899	0.0346231496715846	-0.08453821028105836	0.06753171009966155	0.008338914482653965	0.03442259171726821	-0.011880592823368613	-0.02922496637349987	0.00499508678566576	-0.11292633754714249	-0.006915604188974922	0.018275333358296536	-0.016403449865270644	0.002842873089759125	0.040707374003543996	0.021829117259336946	-0.0023852589801154427	0.04981802536136103	-0.005239993915637022	0.00418984948374264	-0.008206318022340554	-0.032462334763212766	-0.03613466185307422	-0.018039614774441794	0.005337613645771703	-0.0
MMS912	-0.08108573797080897	-0.072456767227177	0.007748016673243759	0.03134472334363465	0.017275336971417945	-0.06233538046823629	-0.004953966801855428	0.021352252330251384	0.13539929636545706	0.06984504242721382	0.09220256671017205	0.07175371302663407	-0.004709673384242742	0.051100084375408104	0.048634936815159804	-0.043063818633571185	-0.042776609316572116	-0.008677983819443881	-0.016173553902234326	0.028318008264420415	0.09890944478420281	0.06514822001221117	-0.0782681127216758	-0.019535328934699187	-0.12598032457259625	-0.0665101943977175	0.07482603430821329	-0.011526469398272335	-0.04520506754940441	0.019978753466729792	-0.03921762360155555	-0.06764251352855283	0.05154015699434068	0.0002397691272902731	0.0703429060113519	0.03741917880656649	0.10894608930169271	0.011660982401138852	0.035941955718409066	-0.04410633788265592	-0.010705632640587086	0.00502937473544216	0.09726848878518024	0.012197750864525344	-0.0436977045497204	0.025528265953861345	-0.051671553626705884	0.10876743250881146	-0.040335263670688404	0.02918237127164909	0.039877421167967296	0.07846884634178866	0.044587548812017846	-0.02855380611680621	-0.04832566514680171	0.004828855469876406	0.013864548047531133	0.013291598355310292	0.0014306707520724573	0.0121664067495675	-0.0

Biplot	0	0

Site constraints	0	0
