Eigvals	61
0.47177323349642136	0.42566406988941613	0.25682676514160196	0.19186404550543013	0.16023670005694454	0.15282763235514235	0.12891969448004778	0.1099165094195157	0.09863656266617246	0.08205623589346799	0.0768647256297333	0.06502578221124401	0.06464843888905668	0.059776297921111096	0.057227596775470166	0.053291706602844637	0.04999136124380532	0.04788262657269686	0.04451959951420503	0.04230707804267875	0.04191773548436739	0.039855619001101884	0.03659094904464021	0.03487657270721916	0.03335130987957414	0.03227218792377463	0.028275160764292276	0.02770570179297143	0.02658719672050008	0.025274559423832565	0.024755262752005083	0.022451945006722967	0.021293720880371698	0.020636819237880532	0.019292056276876114	0.01757989843664459	0.01735390456261333	0.015712923181729184	0.015387232458881205	0.013848582036371867	0.012879027724117777	0.012746029828379751	0.011145645664903158	0.010787098210525177	0.010031196943315784	0.009531889977368658	0.007850238412407333	0.006397289827894348	0.005291075645630834	0.004418885152100608	0.0040136217610384295	0.002908259779493858	0.0022662477756647858	0.0015936257396677673	0.0010693584301644879	0.00047488487431894235	0.0	0.0	0.0	0.0	0.0

Proportion explained	61
0.14477431939170754	0.13062467650194046	0.07881311928060325	0.05887783500968576	0.049172266557791694	0.04689862605066523	0.039561932935895085	0.03373037449197148	0.030268866932742063	0.025180817519636464	0.023587684820104128	0.01995463645272208	0.019838840093861693	0.018343713107985063	0.017561586341363764	0.016353769151907435	0.015340983306531318	0.014693870233742419	0.013661849086886186	0.012982886679871658	0.012863408083190779	0.012230600858926223	0.011228762820166698	0.010702667548521186	0.010234606047597874	0.009903452994395445	0.008676874533562487	0.008502123129411234	0.008158884473408845	0.007756071940309398	0.007596713975744474	0.006889888672314897	0.0065344613235591474	0.006332876152026361	0.005920205130019199	0.005394790654565335	0.005325439307399899	0.00482186694321284	0.0047219213562556105	0.004249751568135908	0.003952221832017579	0.003911408410507204	0.003420294223474063	0.0033102658030558555	0.003078300350763193	0.0029250766809360623	0.00240902374811718	0.001963153513226866	0.00162368659571708	0.0013560351561792037	0.0012316708907871795	0.0008924654904011094	0.0006954495422795732	0.0004890402113651444	0.00032815689386503296	0.0001457291969690836	0.0	0.0	0.0	0.0	0.0

Species	0	0

Site	61	61
MMS930	0.08268544928850699	-0.03280722830724137	0.10716645572231494	-0.027320406322108026	0.015816620780208346	-0.028018825572305135	0.0354789761424431	-0.012856833709898425	0.011229813205161109	-0.00659369716727777	0.010715623253993034	-0.01458083918351905	0.037073212322668754	-0.006814600828114677	0.029371749367182794	0.009750385092926151	-0.008223513429886375	-0.018502212526673344	0.035641590955439714	-0.011809541509412162	-0.00466130215640552	-0.02123548889838797	-0.027702401707640944	0.03143060740089837	0.03296176903990181	0.03130083022484728	-0.020329231601901924	-0.002801755620569674	-0.04626661896105917	0.007236823699818702	0.00882236388512852	0.013581338734235348	0.011624601814776347	0.0066263739477905636	-0.013310020745571988	-0.0008922080612780259	-0.006042417286763893	-0.024981298644952493	-0.03816278529976952	0.021726212036528518	0.011821166335950067	0.0075576909434663326	-0.026418086375159144	-0.00954749746854456	-0.004391569257798133	-0.0022832401216081885	-0.009239472194833396	-0.0021303684300894702	0.012278785510210092	0.004867487663190835	0.0042307467766735905	0.012615936086638142	-0.011820035179314898	-0.012445183704016193	-0.0015866679289533315	0.000810800042843688	0.0	0.0	0.0	0.0	0.0
MMS925	0.03629648308406505	0.07776889078714694	-0.02382900424022237	0.07441204266425624	-0.0014917088404782142	-0.012933002244846007	0.017525985147369326	-0.002787005066545506	-0.02424996760556624	0.006083092746188681	0.017414698800985527	-0.031152156969643664	-0.06287190905856178	-0.03904706827234119	-0.0406048399804034	-0.05041679566639045	-0.026596939974856335	0.016805315445971098	-0.05003728552905579	0.028051858870749645	0.020952096093127478	0.0487166936200891	-0.029314667456226164	-0.0029534062705158215	0.0072473965424663415	-0.013197839648015046	-0.014822282406714498	-0.022047576819317655	0.012729782341571166	0.04421193426088664	0.024174305591180535	0.03742946704535212	0.01133274318587461	-0.009448756860073088	0.026817427312754712	0.005499886596661937	-0.00892766998356846	0.011350874947776734	0.0017978678071205601	-0.002979259714304976	0.00760588195933163	-0.015045905798907595	-0.014908753996723027	0.0009797039256340798	-0.003912315208090932	0.003976004769953559	0.010867787346352376	0.0028010277731331757	0.004202462273038209	0.006203794025404967	-0.013882360337236468	0.009888366929323416	0.005031474590891648	-0.005405342846351663	-0.00657851635063304	0.004322793518533256	0.0	0.0	0.0	0.0	0.0
MMS911	-0.05582986901162273	-0.14211676919620536	-0.06347603253731018	0.024468671319897006	0.008926836182866568	0.004651047665116215	0.061533921528865075	0.008120688926857461	0.0015537035982419573	0.007858699380980003	-0.019475281111320585	-0.016576455842566857	-0.03763223555190933	0.0020324070779109203	0.01561140091660454	-0.049730953142466616	-0.0022836540861172596	0.03017652637588861	0.015779741327917148	0.006982257912127056	-0.037236008002866604	-0.013091276378124619	-0.014563903680009826	0.03481625264322568	-0.04399827382861429	-0.034600259231351266	0.0008064897310592856	0.011935769919529226	-0.02153381571776717	-0.00414997149013786	0.014200787995776173	-0.011749539270350792	-0.026805849648157198	-0.022092528234885573	0.0014103668945259311	0.013356241173454892	0.03052793125162123	0.00024356275627321407	-0.03940398342487919	0.009690328028024987	-0.001438764159753257	-0.030116288950823127	-0.005926223824853912	-0.022481864374787	0.027224593047708735	0.0024605413703593223	-0.0016377063120957844	-0.003952751623174173	-0.0095580432477338	-0.0012013581399277155	0.011094492190235216	-0.010872963506364658	0.003251582747148951	0.0004168509471343463	-0.00012252766439302477	0.004014318603782217	0.0	0.0	0.0	0.0	0.0
MMS920	0.0068590289490253805	0.05080094498287146	-0.02928267787301166	0.02704958429111993	0.09727909209572654	-0.019509896951516514	0.04354537886748081	0.019459203487611973	0.0769033946843202	-0.006835211933078448	-0.033643106138218866	-0.016183272149071545	-0.012846729447871085	0.006814015737204454	-0.0009995303966875211	0.030185834598657833	-0.016239909140079275	-0.030449507738046753	-0.006339375655521205	0.027005537406382882	0.031870387404151004	-0.003610458390058278	-0.007604345621095853	-0.006344113567238557	0.027081531206346977	-0.015315711192392485	0.01823361295635462	-0.001525786436753402	-0.03097976641278334	-0.031027101374087727	0.07083946571331548	-0.00800949158551675	0.022666116950235817	-0.012507231093791002	0.011644520670412698	0.037068588871137696	0.00039463949650501463	0.014238290212269081	0.014532730206048663	-0.011669418195612579	0.006276754072922626	0.007576605595115147	-0.003221884714467783	0.007986299838677964	0.0022666665700486043	0.031489218175505165	-0.012033343223889052	-0.01203223159338958	-0.009149877849119779	-8.066080621610191e-05	0.005078507530516585	-0.00015339919334830509	-0.00445589951244942	0.0058880666531755405	0.0026781684739419684	-0.0022705778337038843	0.0	0.0	0.0	0.0	0.0
MM933M	-0.17992528075834419	0.07210434096504344	0.1193001311160539	-0.02945769764898272	-0.023247503441588685	0.0825075508020116	-0.05658116999308217	-0.021910091596162827	0.014156078693791102	0.0878070504490388	0.01904612721369271	-0.01757096627287334	-0.09977692903814195	-0.07504314846645156	-0.02136303410842575	0.0304705365598915	0.034207738956288675	0.009441341157433327	-0.0063731629177137625	-0.012770300889917317	-0.03081576357567492	0.026772790082622164	0.010877144320619868	0.0075435737535210915	0.030358917845019946	-0.013605815706514464	0.012845210111475096	-0.008246815271586173	-0.0051032495258757195	-0.05069232990228017	0.003323103307780949	0.008750604522488178	-0.02148714914270595	0.008539999497163386	-0.005006304064372466	-0.0003880602867182645	-0.009751837183265841	-0.008424353692010495	-0.014726449584597451	-0.00922765386596637	0.0036831324698855597	-0.001830496233703635	0.013798697657044244	0.007675331015843448	0.01134829973467965	-0.000504502027386943	-0.005468822534248484	-0.004470966232867008	0.010111805300992548	0.0036413510597332007	0.0008069561259302915	0.0025282818548421227	-0.0026068338581624107	-0.0034537901897066193	0.004263404746568209	0.0003116330815316508	0.0	0.0	0.0	0.0	0.0
MMS922	0.08232291331462255	0.08987024870180135	-0.03752171954046638	0.010055302037696631	0.021143989946154865	0.022389949431195	0.03615522490789231	0.005003912837977526	0.026595344104053186	0.061619606396918644	0.07520629525114339	-0.036985338423975896	0.013361236789577747	0.006729456964483142	0.009976667566457778	-0.030575124918533397	0.034489385838594705	0.007187877002420592	0.034521631196584246	-0.030881613989904046	0.009198058403097186	0.05773962878011177	0.01839685056274486	0.008522009225460812	0.03836583797730556	0.021257738464292953	-0.00010020541784838222	0.0350950033069623	-0.006373348869290009	0.015683908866424737	-0.008964094600013961	-0.0008703443388952515	-0.006307088939788111	0.004462321845912058	0.031033225961575314	-0.010318397248520435	-0.022198438443202316	0.010154052716990223	-0.016887711155749115	0.01045654783691264	-0.013499056478484603	-0.015448350851010996	0.010684314952071611	-0.009491960463850112	-0.027663174275045204	0.00697096678563472	0.0008894771167435202	-0.0015691316510421122	-0.016925754760325065	-0.015012413962742166	0.0163506782609218	0.0003517636380752408	0.001588770055795215	0.0044817288668094635	-0.0029078930388237835	-0.002655074909934379	0.0	0.0	0.0	0.0	0.0
MMS910	-0.07076481775960271	-0.18721036195279522	0.012794298185348382	0.043147848529740254	0.00024474952584394044	0.020630499306723657	0.06688039459257268	0.017694149413436742	0.013108914001720469	-0.02519728536103196	0.02472688321536013	0.0002489111951809864	0.0018286826090903817	-0.04979389058431092	0.01966075918411369	0.020800242275744413	-0.007133936918088852	0.027338334323711057	-0.007843293733976402	0.003746906227449113	-0.007735337902417797	-0.015209885173004171	-0.01470283164316084	-0.024001543199938705	0.01964196338584481	-0.014812066656673508	0.011634065078559293	-0.0032704526749261164	0.04669955530136348	0.029086633619287785	0.008020088934314112	0.022516552040676215	0.014656514216693744	-0.008185538177486226	-0.0332431874200457	-0.03659402487566245	-0.0021362548830205583	-0.007526738404400133	-0.005896343036849695	-0.023918716587595104	-0.004818592815739723	0.003462339586037246	-0.00552913687006107	-0.014937515579289488	-0.0007916436798678198	-0.004741627349927046	0.0013184885320736658	-0.015438750765216265	-0.01544728384687313	0.002213528409547117	0.003093878563396542	0.00792899866813357	-0.0017588059695798433	0.0009178812077279834	0.0056510000901195765	-0.004484991578324821	0.0	0.0	0.0	0.0	0.0
MMS923	0.0416797964499881	0.06964189234180942	-0.07056974872573255	0.03512463081833053	0.02180994452271367	-0.019965418421225355	0.007956063011580318	0.040975011545004165	0.07099375939056268	0.024815896528101265	0.026310681307200653	-0.0758676194390814	0.024851230479400317	-0.019067126438502544	0.06368997475830322	0.010664221231878181	-0.005662614095671599	0.003671693324134391	-0.02868304027883602	0.011638621092328149	0.06408958967889437	-0.016520838981858424	-0.02613610923105645	-0.0010193910030935921	-0.033040407463230004	-0.007965478437096217	0.004898211087767326	0.005797092564595431	0.03311392311734146	-0.02123829811953912	-0.04023973882482989	-0.011563599341258168	-0.010080908468153887	-0.023226364868138578	-0.001998641354423076	-0.014751538702460616	-0.015870523915511796	0.014928566629161684	-0.0027035538014768593	-0.0022129260508568413	-0.009708685348203894	0.02145797367314188	0.0089140046842089	0.0019001349421296136	0.009610226076469773	0.0029198052178401584	0.001946954248942773	-0.009719777010426332	0.014615833182022702	-0.0037537875610119545	0.006724609887707754	-0.005250173926825164	0.002685009527773759	-0.011492024395740845	0.0032956262335851927	0.002094529807753662	0.0	0.0	0.0	0.0	0.0
MMS715	-0.07857380117865685	-0.13036293872692614	-0.0855473703831544	-0.0014476342204390897	0.01216582815251919	0.0026789566577936613	-0.08873655408375172	-0.058891313479446934	0.0669164771622753	0.031002543540282586	0.002081806384223177	-0.021625107460329095	0.040505069640180864	-0.018448452806686895	0.00679177519662634	-0.030354381169137364	-0.004686481476941876	-0.008362107573970677	0.04137996433860357	0.03410378451461474	-0.008344599736392571	-0.02016212684604552	0.02920975055428772	-0.029623007953164877	0.005755913463144869	0.011112972564440623	-0.02656455789167538	0.022015255325434187	-0.036137682526063385	0.001577330993705795	-0.028297422838873675	0.033834421360327466	-0.0013321870903384998	0.008598844181693486	0.020552660173756555	0.024238715041922994	0.005141589131994088	0.010630277835272987	-0.0023669586831935466	-0.03281024124569751	0.012556047834363867	0.004426878516084069	-0.015832656033338038	-0.012549338385001392	0.003284682783482911	-0.006202783532864599	0.006218101572443772	0.003085813325982365	0.009306673043036324	-0.002076664972479642	-0.010839353457188434	0.0015611443239825955	0.011144683806665459	0.0032870905758709203	0.00384234861653988	-0.0027502808165595924	0.0	0.0	0.0	0.0	0.0
MMS714	-0.04522976923986172	-0.02165771814920921	-0.09004366667955473	-0.033115341200128684	0.11301730179348975	-0.02437275802115168	0.020010713800253314	-0.03229439228586926	-0.06862757432153259	0.05338672172827584	-0.015373321465046524	-0.021497294588326544	-0.02659171311013942	0.013807096130301401	-0.01885172306132144	0.0107911966069623	-0.03024437333753929	0.017977479913546975	0.06067527854620721	-0.033823473645668886	-0.005071341022153176	0.005469063401881491	-0.03773663962741812	0.023701932856605955	0.012967428450016666	-0.04868273495263079	0.0038989195287225564	-0.009107266991654702	0.0147106028126709	-0.022120093083992723	-0.03638792148880293	0.011775347968481346	0.037418850492154626	0.01961746517956877	-0.007688241624603636	0.002140013479760039	0.017163139679949622	-0.0020509142103245304	0.01958583213490334	0.0033756231959177607	0.0004575574886473445	0.015210871235003837	-0.015578224762633985	0.016877571219943672	-0.005788843697955145	-0.005712897596370802	0.007575241410538111	0.005362803898457021	0.0032518658689218868	-0.00644409533858248	0.009154400962698319	0.002687538528852712	0.0065237322845811425	0.0010491520387802878	0.0012462530371352787	0.00012697394266841436	0.0	0.0	0.0	0.0	0.0
MMS717	0.042773446634221675	0.01708307709984559	0.025408160027113335	-0.018452566353554006	0.040758012595136464	-0.05882775031147576	0.005592934598490702	0.006707200248876015	0.004783781395918405	-0.003525378779173757	-0.0219180461632087	0.009178557864476446	-0.006101288904029982	-0.0021260174524054803	0.027326483381488274	-0.030343459168395825	-0.045076940413874694	0.008812652195539368	0.0035189645277063017	0.017444111816977862	-0.04643864690783637	0.030782005007143964	0.007755341663670109	0.004163953938582256	-0.013220256906237625	-0.024456047076642187	0.010551031415336316	-0.01629892005512797	-0.004032576198227458	0.044861053302361675	-0.02395349330438686	-0.008596778654077866	-0.014630320538563883	0.02806785858532933	-0.012144154905325262	-0.005869276085227126	-0.011192379819994016	-0.01925181328776027	0.002931785884010872	-0.020159726540558382	0.015095307379757318	0.006494215196250898	0.01052745891414609	0.01561124629336943	-0.01928473491847761	0.014427656689894354	-0.04843993327746512	-0.010253306041287597	0.0009434012918266973	-0.0026511525640805136	-3.9652676222356464e-05	-0.0051950103176725574	0.005311060673123546	0.0004971284556807084	0.001106189358071139	0.002479933286682136	0.0	0.0	0.0	0.0	0.0
MMS716	0.10328052442350096	-0.05987011681443866	-0.07612478663716084	-0.0406808392606236	-0.0009288701263711437	0.025693419310732983	-0.058417486814404375	0.04143505044784679	0.09065762773095276	-0.0814225432938001	-0.015440811945302616	-0.0034297585432480006	-0.02842467503622759	-0.0468600648893852	-0.06825046592663893	0.06246827592379614	-0.0007336570369001867	-0.010034591059632525	-0.03750455161895348	0.006781840417137939	-0.01564737575463225	0.008247327732907043	-0.013964034854065712	0.041790742113291056	-0.015304852997883627	0.024992253136427407	0.013499880586275492	0.0020305513891868982	-0.016160103454618786	0.009215507379633546	-0.02340605211239888	0.010451392547255023	-0.00678222212871373	0.0034582452053408493	-0.000834809892866747	-0.02391764662468814	0.008557869620429991	0.007040628979110498	0.001961573772761255	0.017391817610877935	0.017247763566824618	-0.0012971261858354653	-0.009295597843769108	-0.013546471653910649	-0.006522485332437188	0.018303933674609967	0.00137509329374254	0.012531222974417134	0.0036414772068048815	-0.008929098090623628	0.006841889307856028	0.003353762513657824	0.0070323985138306564	0.0009961159277150186	0.002705154425334798	-0.000833650462523307	0.0	0.0	0.0	0.0	0.0
MMS711	0.030909906868255194	0.11366360235103852	-0.05235776393006475	0.06666784425353164	-0.0011747248275413413	0.05134699916456903	0.03246580948081397	-0.0176346988345025	-0.025353848177343742	-0.02211935668441894	-0.014283381938144985	0.0006836689448106132	0.031355038666630516	-0.052861452719948375	0.0034207562088237413	0.005040779205716963	-0.06431537149233849	0.03660204041740908	0.029605171595808877	0.0326603985566196	0.020346923624326402	0.003310241463233767	0.02092622921280168	-0.0005757232168025387	-0.023373599641140868	0.021135672836938825	-0.004543133858258872	-0.017830756439188147	-0.01955852775415269	-0.027985237104847	0.016382416170780536	-0.010884665338826035	-0.01694927258832001	0.01269300912627894	-0.02719154965763645	-0.005086095284149894	-0.012702823283760673	-0.009791636514231719	-0.021543361050735465	0.018771182407859615	0.020508697159547652	-0.01027831988790194	0.010081752369020156	0.026416056651480273	-0.01007029027365075	-0.009193488862330188	0.018432751945445025	-0.009078850599257119	0.007380129033524776	-0.0029990100629281114	-0.006403914998650386	-0.009764121425475022	0.006441102761432667	0.0015734870855425966	-0.005715024126307215	-0.0039214619876297065	0.0	0.0	0.0	0.0	0.0
MMS710	0.024366507884279586	0.09104696306705316	-0.0404914324143623	0.0399028218024372	0.01224969564419553	0.04610513744292285	-0.05490117664735613	-0.017483063658706874	0.05515014592301046	0.05193684632983758	-0.011864693102708487	0.03599840534999071	0.07367530114285492	0.030939590081031546	0.008841948362617142	0.004015944412044043	0.03267980898563718	0.076701319744485	0.03337499402627796	0.003061888651044048	-0.00817141412185787	-0.009533970031143679	-0.03885252927330094	0.026373996786309025	0.01244149243206785	0.017204485310675068	0.03176823900335071	-0.012070243322080317	0.029878954586107596	0.006486480259779886	0.031066195632040723	-0.004999502239805583	-0.008518175148135035	0.03942992914793884	-0.026664940061009296	-0.003781095953609599	-0.005138016474447572	0.021156001480839307	0.00915244125801081	-0.011189868927302688	0.003469635186944325	-0.008526159674583367	-0.002379081272332204	-0.016479087506800928	0.018900665670587978	0.010156423136760748	-0.0032018217459300986	3.41646243346288e-05	0.00024858548000214947	0.0014381694782996707	-0.010554188071000604	0.006103083532414681	-0.00016989331298439085	-7.712743931430253e-05	-0.004358428511656803	0.0018011089257974526	0.0	0.0	0.0	0.0	0.0
MMS713	0.04536758632292777	0.08822000085884099	-0.08042257600907855	0.03244113487799974	0.042682501545265504	0.08647470135167987	-0.03592730704673966	-0.051081649802021144	-0.08523267831924257	-0.05091144441837989	-0.08152983515591512	-0.03703652740967885	0.00789875346642266	0.01713091638424987	0.0309802159455841	0.02375414234632826	0.019757209424662737	-0.03127929799330798	-0.028431780658609334	0.019597737352652984	-0.054196107438148976	-0.013909818985186072	-0.02128373873390487	5.541683913119294e-05	0.01415069270638116	0.0032494268998640922	0.02656614220167817	-0.003314377220125018	0.009692401441848058	-0.005251331865892592	-0.002690753342020506	0.00971811103289889	-0.009609515645511576	-0.01276849478174529	0.010556258661495364	0.0006201024803868357	-0.019948650451112417	-0.016043241929692656	0.006026909203005159	0.0031884300457954377	-0.023195392116643645	-0.007095285328828205	0.002696161467093078	-0.012629556625732445	0.00517218399919197	-0.0058419107470714556	-0.007350312365652382	0.0054317778850454515	0.01303109721471187	-0.0011754143458142076	0.013309210633371125	0.006360278826739187	0.003926928633422996	0.0054075209825320625	-0.0071155967501320486	-0.002998404584274784	0.0	0.0	0.0	0.0	0.0
MMS712	-0.044275695475807834	-0.2069092120859918	-0.016227267990317196	0.060665169860013184	0.00212549157955533	0.09210662954480377	0.08355899957006495	0.0458815106480403	-0.042261661726382634	0.04332073930695694	-0.028950492420206107	0.009316060531193953	0.0127710049914026	-0.041344565052444354	0.008528924110814613	-0.014789076147697085	0.02474492356169586	-0.049756418624549714	-0.013309603342025847	-0.011346207015934518	0.009333138568216864	-0.024303105419673683	0.0223401289448322	0.00497630527087004	-0.018640749195930718	0.0063573119630694576	0.025190937610108797	-0.0193875309278189	0.0033926692734720662	-0.0008615757451846879	-0.007120849472450701	0.0021478164801573287	0.0011440997524518578	0.01786008444364954	0.01985906697789897	0.009298750999528963	0.007725874798100421	0.008026811993227103	-0.0015245796317574058	0.0015158581698089667	0.0030594329688401825	0.012224465072244712	-0.0012468052159281425	0.0020149292942527757	-0.023338898473916687	0.0116407871220775	-0.004594143539588668	-0.0050110081155580865	0.0032434478479515653	0.004853803682165931	-0.006500905561968416	-0.002257334531452951	-0.0021767477753158885	-0.00442037638288129	-0.0052925241494099304	-0.005317543825098219	0.0	0.0	0.0	0.0	0.0
MMS944	0.021582680787854327	-0.009105989915643507	0.08689955297342158	0.006338909870735871	0.05300180009532017	-0.05823178740320869	-0.004674262892817273	0.01161073219209377	0.034765290180623326	-0.01839486144246485	0.00016585209255276433	0.012755216755330935	-0.00039819663362972624	0.019068624673223476	0.0063740193554580596	0.00024238288717783426	-0.00644077157324194	-0.01449786755264774	-0.018711315315605676	-0.029114817360533632	0.022775119270359922	-0.016516238779276844	-0.0002010603734147603	0.027226137329475715	0.017979232904767453	-0.006320367749499829	0.01876651466514296	0.010900207843411164	-0.026893899453679117	-0.027470791367941554	-0.016829202810760526	0.0026497481816597844	-0.021133054985359716	-0.005555566888970943	0.01698812841859594	-0.026117576661516356	0.028719740476421333	-0.04441816355483573	0.017708605040671854	-0.03417712004072769	-0.005481888089995496	-0.008007276452828664	0.015967803652774806	-0.0046954978659738715	0.00306754774027627	-0.004917395536529342	0.01565753225758526	-0.017002490600624712	-0.011452970181162895	-0.003215655021266818	-0.012137909720323938	0.005746318876975066	0.007289415193315094	-0.0018212879404076177	-0.012313595996572432	0.0007350638693529374	0.0	0.0	0.0	0.0	0.0
MMS921	0.06603700473665013	0.09045259546639978	-0.08335743242056634	0.05239380219547583	0.12198341020397376	0.0750970154309	-0.03545735209683653	0.03139421348279036	0.08339265458262198	-0.022723554024828202	0.05810288295404519	0.013780674175795947	-0.05629031865868142	0.014268217261115693	-0.0014439408179648945	-0.02153519579279525	0.04167188186402786	-0.04603173489547967	-0.0011789567581197563	0.030905273224846524	0.007030692568838212	-0.03601762846122148	0.029464269307785465	-0.02600457440100816	0.018450487840768807	-0.017708715446661714	-0.015845703647821303	-0.001576001692994642	0.010578677893805828	0.025277022739162193	-0.017518907025386783	-0.00599155841674907	0.006773162087644771	0.022174946882878972	-0.020953017220733075	0.007937745432377376	0.00808081274069342	-0.0236762643541188	-0.006612685201549562	0.014596978030571325	-0.009166851815519813	0.0002502445200826836	-0.009222496314286581	0.014967928084582098	0.01359101489066134	-0.022820439543439652	-0.005881983878299455	0.003317433881882211	-0.003343677772469316	0.00461174682016277	-0.0023549519377633814	-0.005422090309038603	-0.008453144417147864	0.0015083919451913336	-0.0037752190707553025	0.002210706418465769	0.0	0.0	0.0	0.0	0.0
MMS942	-0.02836711379875439	-0.03188055916128496	0.11407617058852405	0.046662708919284014	0.010126236520846925	-0.0525467187519118	-0.020217042598991312	-0.04267287839345617	0.012217218159689536	-0.0013011393819570317	0.029843007170890126	0.010099700370360858	-0.01720441463489504	-0.00376414537358406	0.027388793750011124	0.05523928796031803	0.037463052842322424	0.0019007536351090253	-0.016291717536433412	0.015278057964375768	-0.01624710917582727	0.05319209856740885	-0.017950698291277354	-0.02720494306013376	-0.07256711905506887	0.002122863235804062	0.013084819039013694	0.027230903288052898	-0.009328200884343725	0.0039671854918993076	-0.00827087818319741	-0.013569139663012968	0.01723614322950661	0.01604657589645775	-0.015575359445571558	0.043803009852318046	0.0006208047434297123	0.011991669052100737	0.012454843680397506	0.014508002099230043	9.811109093646076e-05	0.008021466399478622	-0.0033427219539408025	-0.02121541102627605	-0.014430110604062032	-0.023087585167500917	0.003227430608133888	-0.01922798094833079	-0.0007332448564355646	0.005610956742018485	0.0037621404829339604	0.00387085270088563	0.002796889745358565	0.0012792147298561762	-0.0059579646454204025	-0.00018679810498383115	0.0	0.0	0.0	0.0	0.0
MMS943	-0.011752106594771968	-0.10468118084997406	0.018546904246822704	0.06529002994076566	0.0346935828277246	0.0681597584525381	0.03733814665427135	0.077475644820917	-0.02712917707582368	0.10630421293358829	-0.025752828476983666	-0.013410625306723335	0.017557031077729986	0.07220936196873064	-0.06237365380118448	0.006736910291810303	0.005328414980405658	0.023739846807324622	-0.06077828180210233	0.018824701476890422	-0.01087663382475941	-0.022478869080339435	0.01394001199972724	0.01818057260852854	-0.023423414898744263	-0.0024009124432545167	-0.039581105120522875	0.01911573896035598	-0.018338845340736466	-0.0007123809736189694	0.01177859681334507	0.0009331587616704748	0.0102711884526182	0.006606085355963812	-0.005287293278886227	-0.021281694863333898	-0.016825235909080916	-0.000877572950196075	0.001965111689440977	0.0045519737280341425	-0.006278444511467105	0.008942473092345133	0.0036121150706194534	-0.0004129599986316614	-0.0025408041281073943	-0.013589968568183128	-0.0033005039441469613	0.000629864684118049	0.004106638057374354	-0.007014143387085927	-0.0053630995579265	0.0034411570492987333	-0.001977920481566988	0.004034147591925513	0.001090153517753462	0.0003119063443726542	0.0	0.0	0.0	0.0	0.0
MMS908	0.0824802587023329	0.029159668660822216	0.024878253722159595	-0.0712755049079533	0.0396544291998756	-0.055369827994916555	-0.024373184437008113	0.035134991516324265	-0.02473855383608657	0.0226194853920859	-0.0285025428469518	-0.01126587052777222	-0.008180380661390185	-0.014742692555586622	0.025800163646886493	0.015171749679949857	0.00219480807770144	0.027341354831313867	-0.01604268295454424	0.0006415958450077494	-0.02807846329955074	6.158088286511554e-05	0.012504340660982181	-0.00551038331784062	0.03616101326944114	0.005582906413759693	0.05222990400245581	0.012658834795037007	-0.018975360716280393	0.046096567368452676	0.035683111581967374	-0.030635056573952935	-5.200771036565315e-05	-0.009740344060890044	0.024894885813737437	-0.018643138657942166	0.01662577970377193	0.013489491412872744	-0.004832907041570957	0.0035288469428602373	-0.0033225391610829788	0.018105598434563254	-0.021429593325805747	0.01310439857738137	0.0028826477752468293	-0.0338408168598858	0.01922444000474205	-0.008304499310255885	0.008549113766696979	-0.004283836942641398	-0.00428832740748272	-0.01040679515339721	0.0024644223069899564	-0.0002811025895053136	0.0055897219487779795	-0.0008542742797797264	0.0	0.0	0.0	0.0	0.0
MMS909	-0.012850121148129431	-0.15005451349249627	0.01990712530821473	0.049313648224953814	-0.045481734051665716	0.01662786308149167	0.0542407137492738	0.03473762985302107	0.0051623464568545056	-0.04863203289438934	0.006742273083901374	0.0034922120826448447	-0.013605853089615531	0.020652749919558986	0.036746845951804934	-0.025679109934928876	-0.014895561186467086	-0.0073247797431248395	0.024948865050614104	0.04667976951935076	-0.022803963853372813	0.005533548328669754	-0.01666110072456863	0.01753167030732715	0.07283311678643316	0.0201987147844767	0.010632035050415165	-0.011587215749515422	0.0010118962174156974	-0.007242629047709723	-0.02078394212874141	0.004694003305637594	-0.009528535160740328	-0.011310562646798614	-0.0020455484860348906	0.026685295746818882	-0.026571238507004602	0.009308141229983448	0.030708922642518108	0.01420622701264396	-0.003214349412279178	-0.015856349733112177	0.026848135524328964	-0.0004380878942092276	0.00029300487039321874	-0.01733765507240654	0.008992453246626045	-0.0026624290428576424	0.0006360491486478986	0.008354489669413948	-0.0021325127850823846	-0.0013077376110365857	0.00329253141557629	-0.0013479391244604667	0.006391765843433427	0.001681359826795569	0.0	0.0	0.0	0.0	0.0
MMS928	0.020557407293577037	0.024082965821523524	0.05472695893547349	7.595357863354255e-05	0.015728344806142037	-0.08019900029668879	0.02474744538426015	-0.006689271260083209	-0.04010035219054255	-0.010471189048835601	-0.02032888656470729	-0.029091327612978505	0.026253759520235682	-0.025170632578007973	-0.051402424155216966	-0.06587625512406282	0.023461520431280372	-0.01875094620650924	-0.026864241751793725	0.042272623065525074	-0.0015644741922574504	-0.001941625699779645	0.008881239105210804	-0.023343246464093827	0.006388818595288663	0.03990790396549266	-0.0017744194714747878	-0.014400543975318775	0.003955701098504787	-0.015398731403782132	0.0014647335056729197	-0.03436966043360381	-0.013535308772691412	0.020019790606890218	-0.022999219366671854	0.006240958029820046	0.011416599935272453	0.008083272210450345	-0.02063467566506261	-0.021967397663646453	0.0036459147961337645	0.02744689598899954	0.013856806952799543	0.005880326720085449	0.011647452801963483	-0.006923026910946263	0.006066493298357457	0.014039342557204912	-0.013428451324006054	-0.003017585392453411	0.017793941546338867	0.01624278419594302	0.006483302694207475	0.0006505778269678138	0.001704195312181944	0.0015219783559725108	0.0	0.0	0.0	0.0	0.0
MMS929	0.1096127533302318	0.01325704579427826	0.060514340969158656	-0.04345366276579778	-0.04202800378061568	0.004877075401343341	0.02288966169843807	0.04536473281762412	-0.04579800377645527	0.015568708991917228	0.01209679557453317	-0.004646087218818838	0.07393329173515607	-0.024944333084895375	-0.007692190221702617	0.004699942032670798	0.012116923699199733	-0.012785632211738167	-0.042185822673057455	0.002917916861643601	0.013033990174865792	0.020488752341154458	-0.04762218281342817	-0.00693000200499927	0.017507000009156046	0.0034931100690296407	-0.02810228062431714	0.0024751639158223575	0.0020468927369809886	-0.002234819299429875	-0.012413151121099879	0.01836105690335912	0.0038070868212437352	0.04808248517028379	0.01926988025814989	0.02189797278061242	0.021876455107133024	-0.027249243841866482	0.008323978566419497	0.006118204780709519	-0.0095868408591953	-0.006584633158787092	0.0025902961791178015	-0.002331764021681841	0.01815307845812667	0.015417881284880202	0.007195940926507649	-0.013058422553331225	0.010904900684752835	0.0020077707043369654	0.0026829521665409817	-0.013808529381105012	-0.0004345235917688298	0.0074207827958642876	0.005878559434005639	0.0030698439659058987	0.0	0.0	0.0	0.0	0.0
MMS900	0.01653719284637215	0.022042859380373002	-0.03345088866772629	0.055880306223083064	-0.11051222305335767	-0.05358620048271885	-0.07058744555709355	0.0010107260965254382	-0.05892458364790237	0.027716980363810456	0.0031888923744046644	-0.03705009173759219	-0.07457770239629768	0.016518471946077754	0.060357539348582546	0.046338236864496986	-0.022384091686055495	-0.006007301201238173	-0.007578943115579207	0.035181025914624034	0.0187438949164638	-0.044148934645123886	-0.010168103522026647	0.035540663034555234	0.006195090578794762	0.02223015865329729	-0.01939098326455188	-0.0006688797680409345	-0.0059563710917846634	-0.009163989581208811	-0.009427298786575958	-0.011380120073555799	0.006604848385267351	0.0393370389897027	0.0035262735415230516	-0.013972442914620258	0.005505925510672081	0.00790936878680817	0.008407485502610572	0.0034262496574563516	0.017073426369951124	-0.00302568226886409	-0.00822947590014842	-0.001981062481060242	-0.009217314497595806	0.0003365840486709903	0.00204096554245369	0.0054816150712592455	-0.029700214410659415	0.003244028549812938	-0.00104540852913702	-0.0030032564253578285	-0.004183629512776928	0.00352895902934481	0.001014377209833401	0.0004391304815641531	0.0	0.0	0.0	0.0	0.0
MMS901	-0.038271158516152814	-0.0937316492757415	-0.02118827605194829	0.028834690403463276	-0.0033706173183654002	-0.03990842991380213	-0.11846682482807327	-0.028727492556195024	0.01665269092067965	-0.01549904492694105	-0.008990241042177936	0.01067392863221316	0.04221066559096321	-0.0016291179046244888	0.005904562913328212	-0.04767823146505654	0.03536853216139778	-0.027869533740505107	-0.035410201824754566	-0.032803659933142396	0.01944730927907681	0.0375699177821604	-0.020253472606239175	0.019656756767977988	0.016464674012061434	-0.06597309184353119	-0.021478383211892816	-0.01955911528748643	0.0037500141627995554	-0.0008532148934904771	0.011599589479029884	-0.04288221679310263	-0.0025810717868884406	-0.0022375006732105467	-0.0036704585775036006	-0.01706816038019981	-0.018571454400347027	-0.011951698627787624	-0.009393437338418433	0.0189953518956416	0.026585849609008564	-0.0028452989941646356	0.006916453024006259	-0.006292852363568186	-0.0034214127856722312	-0.003408032290464264	0.005337952053656206	0.0009505565358107504	0.00016417066811879179	0.008874677074429684	-0.004260713432793397	-0.0027792232468660948	-0.0005223877856369284	0.005874366636503827	0.003778049777237473	-0.00553499372538978	0.0	0.0	0.0	0.0	0.0
MMS902	0.08520177650173799	-0.13062423795566325	-0.04325746091616322	-0.05696043147082856	0.00299799471202405	0.021653192368411466	-0.05849829419164288	-0.017231545913805445	0.021588986611300223	0.018309645533453597	0.0024823572061603047	-0.009161460817544308	0.04846558442354101	-0.053239949894387774	0.04960325229694013	0.010138158179802376	-0.014190151923246975	0.02403608533603115	-0.016934903860663212	0.008822355462650885	-0.05123006669427187	0.006725725784749973	0.025627092297662794	-0.032035264957557597	-0.02358148807888149	0.005930491326805185	-0.00908428397758159	0.02512922800203264	0.031436515658035305	-0.015918176111020223	0.031244044218236105	0.00220999418409553	0.02697580436175872	-0.0003968730751572879	0.02539615695776521	-0.002934838924808947	0.013002649406011315	-0.024851590641651416	0.014488724612368538	0.00033679456178879475	0.004062129354894535	-0.02312220774317567	0.013482520603733013	0.026353190630519926	-0.002375886496583719	0.0030886280598619795	0.003331550179260958	0.01666063282907903	-0.01058099862052474	0.0008210323096888961	0.006638218908151376	0.0027853429888717363	-0.008292699746979028	-0.007127330915093965	-0.0016572475679768358	0.0023593708766418905	0.0	0.0	0.0	0.0	0.0
MMS903	0.10119259784452256	-0.0595030135772947	-0.010049968273497108	-0.03142066531717994	-0.07133411537026477	0.052704109980902566	-0.027795080350157285	-0.0022956904969471384	-0.03564505839006861	-0.03943370460103519	0.020912215613494902	0.020509602732898504	-0.0026448986687241756	0.05332070515872823	0.01137515451271151	-0.002737296295845254	-0.026753532934411406	0.01894198013129153	-0.04182684338935113	-0.023255634191000837	0.015528992828155432	-0.009960922236705775	-0.0126726479308852	-0.05239306628852952	0.02903198217391613	-0.04474331889953653	0.029032130770883808	0.037816391612394924	-0.008387279922840553	-0.03543704181171762	0.009416606803925419	0.026496972295069327	-0.001992579287111929	5.720825145929157e-05	-0.012815793578088857	0.015606872495417343	-0.02575042838947869	0.002358157601080421	-0.031117543896913843	-0.007665966454361021	0.020042932644418046	0.02381016195712097	-0.003017033290980141	-0.007589374396818313	-0.011750012526149267	-0.0033978130191687	-0.004783022716304482	0.010713510486948848	-0.004718508629352012	-0.011776433983777283	-0.002803938072675702	-0.00520079241344628	0.0024565422830018146	-0.002337137970831203	-0.002729533587931507	0.004204261039291464	0.0	0.0	0.0	0.0	0.0
MMS904	0.09092514636692275	-0.03595422696439828	0.008229459744539726	-0.05029842044341726	-0.05739630606995515	0.0014187900538954264	-0.04282496982675694	0.006365842194013044	0.00893232826623542	0.013689175892550514	0.03771551377729956	-0.003316294104905026	-0.034280827796616335	0.01537679196647089	0.02342178681962971	-0.05254906977772698	-0.010935091181748954	0.05173410998370726	-0.010675918901952082	-0.012763552058190311	0.047622813306583286	-0.0004568447108922941	0.013937389700569484	0.012975371530055143	-0.02855209915622736	0.016035360576125004	0.04453000597280519	-0.03768484065797799	-0.031726049641265915	0.009256571664465642	0.011014365195333269	0.031791211202114644	0.01165555412830835	0.003938686646363669	-0.0026890936460543364	0.010431545543968652	0.020278678654475624	-0.012612745509395732	0.00980736892660238	0.01562193314333413	-0.029106014526689084	0.01874871515293235	0.022431547200000925	-0.00524728692888245	0.011213144151858524	-0.004238499916236571	-0.01586203094134102	0.01837110045140868	0.0025674305769129	0.005718525181615391	0.0006896973926867121	0.0003998190876515379	0.0008747922567676225	0.001358079491272377	0.0014382855118194417	-0.006002609480462542	0.0	0.0	0.0	0.0	0.0
MMS905	0.09230763510425212	-0.03571957840340524	-0.06689944982586517	-0.06405097632435065	-0.015762186273508394	0.015043642771637618	-0.0658144929823672	0.03766208752475984	-0.011285210787403828	-0.0335392257295402	-0.01259733326646185	0.005855050858916092	-0.042731750420972055	0.042910857227442506	-0.052506396498633125	-0.001121860582093649	0.02852161502235956	0.04307356896552236	0.04496957839734341	0.0033979373708051108	-0.03224857001557128	-0.016868689829114224	-0.019160375815586467	-0.03578242675133631	-0.016841558889880277	0.0020363157106588876	-0.02633183093260973	-0.034201747328550386	-0.021210871140002432	0.014236758269841254	-0.006863910940085756	-0.005937078118008036	0.012608559284464096	-0.007366771495036431	0.0080333201119666	0.0012865036222400234	-0.011937031713254154	-0.0010367722200346362	-0.0048711069687934665	-0.010986412177414927	-0.0008892458791405436	0.014327965141947133	0.03189392908670946	0.00031146792367321675	-0.009185325680721735	0.017009900572510738	0.024087307343100595	-0.027789907094404934	6.814130780296368e-05	-0.00015230938441922426	0.00518462704338968	-0.0006397826301533805	-0.009637184345106995	-0.005273946156506928	-0.00061193622907601	-0.00024607058323339786	0.0	0.0	0.0	0.0	0.0
MMS906	0.04692999007170275	0.0446716513573068	0.0390304969642813	0.029706729158377562	-0.029831825800353474	-0.07429523499424429	0.015961494035546996	0.05600384167979099	0.0008947311887961977	0.003431103059588533	-0.03287159534191299	-0.02008381626357511	0.0458802030415538	-0.0406328825474458	-0.02277693604254362	0.01458585380532615	-3.548457972534726e-05	0.01431004234647383	0.027356187635905867	0.010978346661142582	-0.0004350221995841121	-0.004816475062834982	0.0813966747298578	-0.0063945328646505435	0.011172241587108039	-0.0662649220649147	0.019652128212418088	-0.001369590570540636	-0.03045598660656878	-0.009494277561067976	-0.018909984638775256	-0.000532658174359547	0.030426963991009397	-0.00540221341010253	-0.018414902482586874	-0.012678000496311242	-0.010198862224943884	0.0106496820719668	0.020045957151362533	0.02099218720405568	-0.007569541533110986	-0.009984901748718005	0.008352225404396577	-0.021656426247464774	-7.211230518871599e-06	0.00562189941052603	0.005701404581197379	0.01009607222192959	0.0035432093887988662	0.008874410172113304	0.0006214619083641234	0.005698302599597363	-0.0029856999303332727	0.001464787302804134	-0.0019589067937708206	0.005063542029453491	0.0	0.0	0.0	0.0	0.0
MMS907	0.052433339444826414	0.05329193705313666	0.021676832436669593	0.02789004263082323	-0.023437887253844263	-0.012778991217718385	-0.003480939169996477	0.015943771379538008	0.0030614965545494527	0.033495864408455145	-0.06645092897971075	-0.016938841531534767	-0.006902847666009264	-0.030257369482136046	0.0019534787955466323	-0.040661694220694135	0.033914456965597584	-0.03698976194753377	0.04165641327221813	-0.045958087623237456	0.012894114583538587	-0.006795492694121392	-0.04316372663461938	-0.056170827105274296	-0.016327572088903588	0.014018217259587264	0.014351916174078263	-0.0025305930293762257	0.00029452667249690314	0.0031550383360864913	0.0005645428945206062	0.04308581547998689	-0.019491017359086746	-0.01994629005052845	-0.023600304072541274	-0.018861341652732868	0.014169769639726168	0.00520299582497979	0.010387752047060996	0.008343560143238227	0.01611871935537174	0.0033348103618440544	-0.008230169458367855	0.005483404064882675	-0.0059288245706352214	0.0006155157401546176	0.007249784552761641	0.004532115934639168	-0.007579325386521715	0.01143185879716926	0.0049552465546832	-0.0072712766991098595	-0.005366973963702002	0.00843812598284131	-0.0024218931189499545	0.0015772055421066084	0.0	0.0	0.0	0.0	0.0
MMS919	0.026705601496737414	0.039334494181683895	-0.04269785031211897	-0.005149793674716431	-0.0713001964125041	-0.040358804598012346	0.02838215113943675	0.028795476942020608	0.02526678504878539	-0.0018494646968150181	-6.274685477215816e-05	0.02105188564118901	-0.003086657554748261	0.0016401959785955398	0.007280247848502849	-0.021918983421246152	0.07132398526141595	0.0433085215655593	-0.02272032481319203	-0.01391058469755671	0.00895310256696715	-0.03400351184458669	-0.010044415963213848	0.017389653044900224	-0.006769890099038283	0.002975858382730032	0.0018089121371237156	-0.02354183521090917	0.003355067075982351	-0.020696736355026377	-0.007353790683391098	-0.019701881774278694	-0.0012078817314657676	-0.027624390731391772	-0.011940124392180788	0.0326034567981082	0.0082302601609889	-0.01686833464803055	0.010363778536231548	-0.019107713810923507	0.0010219508545285202	-0.030919815458121162	-0.024332139079487544	0.01852398582118186	-0.04108551859046449	-0.01000534271539128	-0.0022805761303854592	0.005121756600488749	0.012145505108323457	-0.010786420746062564	0.0003994300182911223	0.008007408168693445	-0.0016472616609566042	0.002692771722033626	0.004314428206153599	0.0010853883066869899	0.0	0.0	0.0	0.0	0.0
MM943M	-0.2126501069201372	0.095380236789333	0.10176615547108672	-0.040831575959291426	0.04272438881882491	0.07295654510483048	-0.052912566603811835	0.07764995495994483	0.04134312491769592	0.052112998311595174	-0.01113522161253729	0.06811948066563915	0.042646749139563386	0.05032402731084821	-0.0026707777476148507	-0.004785505598069225	-0.058389398120344924	-0.014078670895443325	-0.016880535056801486	0.01698225816001251	-0.011602572991696298	0.0034237134752168334	-0.02271577711593022	-0.021506754729766167	-0.009571094628232274	0.017643785320938417	0.023616735717461507	-0.018780026816537586	-0.006200243805510879	0.004842473954067823	-0.02860094809144651	-0.00040639659401871524	-0.0065930104017449705	-0.02614153347626561	0.011029247062367674	0.0015197897841237556	0.0013728754084306521	5.64111734820759e-05	-0.001172869842620289	0.020404964115368893	0.007530282124726051	-0.00769516955313096	-0.009447511627622569	0.006502434960475591	-0.01068076894466806	0.002741929046957938	0.007115146440668141	0.006415351082390481	-0.015303749490809107	0.008487595733367471	0.007852369763259044	0.0021959564122482136	0.004913066856198496	-0.003259960050703957	0.0025306185982623976	0.0010937601628042504	0.0	0.0	0.0	0.0	0.0
MM941M	-0.22201312413148006	0.07880970415655195	0.05369633561922267	-0.10395109929554217	-0.030047478148173573	0.07878535810983837	0.05252520946533544	0.03083549130193962	0.03155830843801736	-0.09155501753346183	-0.08041953560287668	-0.0823377236977536	0.01233118560032485	0.013237855227602348	-0.02521794525863183	0.007996758318202431	0.0368835413104022	0.01372187031256534	0.01946794281050215	-0.016259078012883062	0.03551868422077134	0.014270682553319694	-0.006649687573848505	0.005621559805608227	-0.0038546861715116902	-0.003992629313167144	-0.00539578798499817	0.01978207886866745	0.004378595761196426	0.019264271495219438	0.004031077719385196	-0.004684859423320478	0.022436565634585234	0.030573046994507767	0.000995965282306792	0.006608171498119444	0.005135128685843661	0.0012178961355276759	-0.0016801171329377657	-0.011133740855169882	0.0016236627744882603	-0.010678915639997665	0.009271769711417167	0.00041819204763590435	-0.005936659639483046	-0.017548385351648765	-0.006275348095135327	0.011733804706708408	-0.009884150152237758	-0.00036415327065813147	-0.007461432119690035	-0.00987578024231547	0.0018085628583223874	-0.007314265314019027	-0.000416528057073412	-0.0005783216055562638	0.0	0.0	0.0	0.0	0.0
MM936M	-0.20064303801119018	0.06240631171613218	0.07312304142537362	-0.12621232833516283	0.009260417181621896	0.031211902222082834	-0.032774523773827904	0.043327983267063636	-0.039662036390436736	-0.03440419927056216	0.03801412870954112	0.03969725184949818	0.0020072688967696663	-0.0479764706951384	0.06483147030090652	-0.01813093383594678	-0.01058229767913608	0.0014139660527885474	-0.004735191288067643	0.02222039892020868	0.017925406797807308	-0.019422552806912918	0.011237797536787546	0.028545536203677353	-0.006943249478060972	-0.007757916003554628	-0.03074039246111905	-0.013740877432269136	0.0009552864539017857	0.01736003975585144	0.006240345912238388	0.009050396962952338	0.026370744719990576	-0.014134960192403257	-0.01367440501514268	0.0012314055495905457	-0.014861854459882574	0.007777942011627375	-0.0065192325222510564	-0.01254701149126049	-0.01230227212366881	0.00671401712323433	-0.006955136772684375	-0.006062111013162122	0.003776651794419102	0.011162410496035273	0.011854972729604204	-0.0010690235560963386	0.0041449826348025146	-0.01549381580992358	0.0068123672672450635	-0.00046059713867946785	-0.0016287888714784367	0.013002948836835542	-0.006267192175208579	0.0007496795951773575	0.0	0.0	0.0	0.0	0.0
MMS706	0.09025070207629861	-0.06605713592882657	-0.03073856525744817	0.0017361131439463124	-0.062389047201925854	0.0374208255733183	-0.045386924000487	0.059547997671474145	-0.055350845636667735	0.024805457543093476	0.046226506858088906	-0.03356668891804039	0.028908328497215065	0.0318861684518611	-0.03398634795939024	0.08062250949214703	-0.007665002190385071	-0.0258212505125878	0.03802491928482018	-0.005809856854342905	0.030315042303195996	0.049525879977394605	0.035588439995960446	-0.005183673254901941	0.009579489364529578	0.0067924901192843905	-0.004856642606355524	-0.04493213118135113	0.019366921011234717	0.011745516193192824	0.008070232766867289	-0.014833395618590163	-0.0018024776835113027	-0.03537919628558618	-0.015968733431923603	0.019171200412705335	0.011266809879421283	-0.018998329972606785	-0.009673318647324439	-0.023711207487151272	0.0034908749938788075	-0.009198209657733708	-0.018220847219463272	-0.002949730319367198	0.014535591525324121	-0.005439785858125588	-0.009983913086651546	-0.000732663262879683	-0.004461412315256018	0.0056755581923817	0.005045292612681749	-0.003504574682875952	0.008819281613283237	-0.00121630297423728	-0.0026681643633695994	-0.00024367034829563	0.0	0.0	0.0	0.0	0.0
MMS707	-0.011729193019698008	-0.1322923946525608	-0.04252408678056625	0.0019305352161489645	-0.05335836802697927	-0.0018446040282586917	-0.11332579214619835	0.03608232670941087	0.002428728410998002	-0.02154755541494445	-0.05051173253839407	0.02994807329005758	0.0013952573285438378	-0.020853692522080438	-0.03061379298685001	-0.03364317635326913	-0.05208573753502465	-0.04564651362445447	0.021722521217636334	-0.030673157540835883	0.026056041545452945	0.02166490778769926	0.005592516024745476	0.033670745126087864	0.0021259566352752057	0.009298103203035719	0.004986685246380689	0.02529320629276154	0.025048520664083425	-0.009946899330848207	0.010075362232095736	-0.006609431691256567	-0.011799993212966677	0.014236161644745842	-0.0037006009847179973	0.00961262840558374	0.005518171126750955	0.031993334055410466	-0.005855339487688146	0.004139896758683269	-0.03921053326254175	0.0004368213517045005	-0.0044768326915310625	0.016590553483750218	-0.0036716486839499522	-0.012369826654733216	-0.008728165667808391	-0.018100838648815162	0.0027195475150652696	-0.005892810201308433	0.00022794870328476761	0.007495444991579015	-0.007939838592275764	-0.0013065350302945197	-0.002645152348942225	0.0037457742788974467	0.0	0.0	0.0	0.0	0.0
MMS704	-0.0764826464682349	0.01624823871868549	0.02984988675692127	0.056241038246800344	0.006197483135398023	-0.024799409362546442	-0.045007583667818825	-0.04044697944335312	-0.06002429536278911	-0.02350760232734762	0.05424668309955423	0.027983343627220488	0.007693937254100677	0.006447122650495471	-0.06277161226902891	-0.033285218136874815	0.03726403140618869	-0.011140714816319083	0.014945848325951467	0.030527410842188005	0.01423630031084929	-0.019859185024881976	0.017194027768828755	0.024450344244594722	-0.004103782215711028	0.03564853501944752	0.02287655188213525	0.04932968110270712	0.011902023086850675	-0.006598224129397614	0.02419368544281296	0.026920712687793225	0.025386831054186577	-0.022529996844246333	-0.017099434071512033	-0.02205469687083482	0.0037539358386502225	-0.013026099693452062	0.023308970773806625	0.008925377613867934	0.017463018971113003	-0.004121496029082457	0.002438985867859678	0.0020557815412059386	-0.003467640370003095	0.003691015461684347	-0.01331408877009125	-0.014101777804443646	0.006101747556921433	-0.0052551633426965345	0.007128016085150014	-0.01389412676575352	0.005314340689221324	-0.003617799581709913	0.003569065053312741	0.001486992402583217	0.0	0.0	0.0	0.0	0.0
MMS705	-0.07029344375466676	-0.025374442693471663	-0.031956065999322096	-0.004698816281112647	0.01969586124126004	-0.05095202277947216	0.03064376034318337	-0.06493387581834248	-0.010498803730747682	0.0017508319237009846	-0.0025124499397163125	0.06649748145191726	0.008140228226663167	-0.011502741526418385	-0.05039468960126518	0.052995765136689306	-0.01348376547570171	0.04448985837516155	0.0028209677071460693	0.020062602927307216	0.0685190467007791	-0.032076224964889946	-0.007636565944830986	0.009932148655049482	0.012017434819862314	-0.018268105015680866	0.0106497688549996	0.02574378088792563	0.019808067919643235	0.030167691884400816	-0.01710616903412666	0.002238921512824378	-0.01909381925058273	-0.0018079715821907212	0.037772803916794044	0.015833557644372973	0.0020423119469155215	-0.005508929025817589	-0.021423309852135367	-0.0007947547907011863	0.01191234342114066	-0.0025187259860015255	0.020328795535462	0.007125460010586917	-0.00011686828042801816	-0.010594900447872436	-0.0032057942080526845	0.006933339501272804	0.005336620725721995	0.016342397417281104	0.015080179077032472	0.0035202119286319956	-0.00805109213062985	0.004111678408641566	-0.0021205244952822184	-0.0009441909889424666	0.0	0.0	0.0	0.0	0.0
MMS702	-0.05972705783621498	0.1089683210038842	0.013768600048237845	0.13032974831540253	-0.009833945406776597	0.022031435734472003	-0.005006841465685463	-0.0008955394293644167	0.02542720037216506	-0.04435861152221239	0.004377066113670855	-0.022712766108409572	0.010969567775100181	0.014789011169293239	0.01784372727250043	0.02205863375503466	-0.01981390494251734	0.0072015708027773975	0.029805569766781097	-0.026085582578528783	-0.026065796028317562	0.004713031778821954	0.005819282284814194	0.009423818928495132	-0.01396329077176892	0.01632971611579882	-0.023638185529254327	-0.005121781478758252	0.02010181764518877	-0.01124642187222351	0.019926315639014845	0.005260033139265742	0.010079416317494743	-0.020319775912925827	0.030259888784170737	-0.010661309000169117	0.02810872949954715	-0.01271326319112701	-0.025886127300085885	-0.0003656096894815577	-0.010240744759164967	0.031330798429433565	0.018298388391478383	-0.008753365172909769	-0.021916524454413996	-0.006343758498593982	-0.007025875287535789	0.0029254970065034063	0.006616549373375374	0.00919711516243784	-0.010606687778790005	0.004994515461830942	0.0016304245360385964	0.01207419134565378	0.0068812092448371975	0.005252686189169398	0.0	0.0	0.0	0.0	0.0
MMS703	-0.10082377308725783	-0.16096433339673827	0.02013138832951781	0.07610094912906536	-0.011569016141472021	0.021679075351297025	0.05910797775851322	0.038617026521933516	0.0035606176947869423	-0.042435544443538	0.06921802330377046	0.00854680680967157	-0.0240873263898739	0.010198207674882635	0.0069606564710722515	0.012116159119633286	0.0025591972098303007	0.00814809485743297	0.03030750288032203	-0.029547101740162333	-0.007469500878771092	0.027935654737135943	-0.015541777204380432	-0.02091244262524076	-0.0031291573719972538	0.017641613178280335	0.017290879358703895	0.01387507736200269	-0.009526564096565562	0.009190830103572316	-0.0019525195403702904	-0.03955303030178643	-0.014778422364970378	0.009783038749060483	0.006116936888502185	-0.007162269627606679	-8.775017885312637e-05	-0.002925908368987416	0.022038853021941113	0.004264615326923849	0.01762986371987572	0.016045508956724512	-0.0029475541587150587	0.01832865725772753	0.021398108586522947	0.016279906165151316	0.008106724994085688	0.022123427458605092	0.014517349918153686	-0.012259551943924077	-0.0033652079278355547	0.003363884984940951	-0.004147045109563743	0.0062989656129815155	-0.004277092344922112	0.0021173207616365817	0.0	0.0	0.0	0.0	0.0
MMS700	-0.008337044341180343	0.07552883973298549	-0.04125811876853833	-0.012140120613511345	-0.09786678617315893	-0.08453688319807005	0.048807196510662815	0.028175267451378456	0.044322872980263106	0.011696421920322346	0.0038427324386333212	0.021860861704954753	0.006060542655765733	0.04557204225874165	0.019038002464405308	0.004793759500913537	0.022406302583217866	-0.05536204546655136	0.003759887726602076	-0.02127013560636597	-0.04411221690581061	0.003084922158810547	-0.0012306960387133818	0.04349350034676999	-0.028156955299581992	-0.012620980932642297	-0.004063856571105066	0.01005613782075665	0.010316471153917822	0.007436398628873548	0.011332925839803887	0.035248171499524826	0.03277343988609662	-0.004294010456393126	0.004262480010876421	0.004299936853161057	-0.021204647074857624	0.005353357524497555	-0.014345831032194395	-0.001969911828301602	0.017191534389784317	0.005368782599548139	0.014389050172929494	0.03316830737046934	0.028069806398673576	-0.007396173395316372	0.007212168526026159	0.0003546795163110986	0.0002464606523678302	0.002516209822048226	0.0018344319144706477	0.0063505433248607175	0.007712773370805788	-0.002049652146520591	-0.0019213670530205734	-0.0033253751756877944	0.0	0.0	0.0	0.0	0.0
MMS701	0.056973804357645375	0.14498306791055857	0.012926966570233284	0.07547587408178462	-0.04201308781747286	0.070785004284227	-0.007468226090080308	-0.01908696093798354	-0.014674574012631909	0.01454519701106864	-0.006672485848814979	0.02689955306973254	-0.013739442700491072	-0.023243105441720657	-0.00022680530487913253	-0.030752304327680526	-0.04084517859950247	0.007148256092548253	-0.019240186844335875	-0.040220793898980034	-0.026402411349692793	-0.012555644609348948	-0.00404336072203724	0.015937022081899798	0.028525378727013256	0.0005683565386559396	-0.03194131922539187	0.04653209536968772	-0.0006468628096930257	0.022929872778570712	-0.01498406643167269	-0.043397521802327366	0.024747752357217354	-0.024408578603291063	-0.0228809359869786	0.024203150269292723	0.03127624537828042	0.006166513595670577	0.015654248432490706	-0.014133495104653586	0.0017475241785186901	0.014291026878537325	0.006491388474724091	-0.013416293882503443	0.0004915712576107356	0.016111027557666194	0.004325796140074816	0.0081255264070235	0.0034402055306479748	0.008642135076987838	0.002942199830255744	-0.004443220551340466	0.0008508501671156187	-0.009266002305895693	-0.0017111714875172592	-0.0042236211009341485	0.0	0.0	0.0	0.0	0.0
MMS708	-0.10849556120023135	0.08871270353224107	0.03168568052330133	0.0706973573240472	-0.01777466371664458	-0.05870251388239525	-0.06371953128488944	0.04685213431749007	-0.07964755844143627	-0.0021222459638714935	0.00401180541357299	-0.01922757823982956	0.006373038117766832	-0.020370475825034182	0.0048675057051811785	0.016054137943560268	0.01781188828029927	-0.013840347543778176	0.030121415003168325	-0.025584634229788374	0.007584337745636445	-0.06366793896876058	-0.003348068011132948	-0.03593246723761481	-0.01938202633956901	-0.014557558694776896	-0.0007515919173914646	0.008167127190237388	-0.01123171797230225	0.03274977988437212	0.00892698468567047	-0.010265552802290993	-0.030286779634701697	0.0007646050083022972	0.029724043292293195	0.009265787278502729	-0.024822224615600706	-0.004231941576458277	0.007851099208700764	0.005744286187355032	-0.00479444616039867	-0.012386791210105047	0.0003016434681304177	-0.001143366178289382	0.012126899339954339	0.012563369977452065	-0.012643021652238434	0.0017005690519227737	-0.0005241165443410469	-0.01021146546628733	-0.005866696496620896	0.006759214251321377	0.002688859059043064	-0.006831015585551653	0.003568134679143273	-0.0011579010260756733	0.0	0.0	0.0	0.0	0.0
MMS709	0.08473721940715677	0.09093527299605421	-0.09226006281222564	-0.10790639918551355	0.04902264447799936	-0.04293432119177789	0.058514987237297145	0.0678102213381659	-0.029017210944577324	-0.008482063092335087	0.0878132837245029	0.05070047015481087	0.005405037122077456	-0.04891717963195659	-0.03390904910762645	0.01616133196967017	-0.010273269761084747	-0.03108158597810256	0.0010321858357614717	-0.0336600026439438	-0.04486799880040617	-0.03551220374476709	-0.013729583394057512	0.001264077025172272	-0.011985979012717952	0.0031342555703818397	0.0013322021666189003	0.0011555340947204747	0.00892200093541305	-0.024426310845122208	0.011580640776370702	-0.0032877912010435594	-0.01562240846096323	0.014999146129831732	-0.000888779040195101	0.005530850803592012	-0.01045309217800405	0.02278120083274069	-0.0028170866731355134	-0.009020213548435737	-0.0067260734261953	-0.005308359207620772	0.007916118656580776	-0.01867509929973218	-0.008873884012085385	-0.012175723505134082	-0.004896519779627374	0.007622830727235556	-0.0042598983075686925	0.013256757965433392	-0.01231416924906089	-0.005384577672017193	0.004071482644222299	0.0011524541403694646	0.0009033881014418615	-0.0006880118141492839	0.0	0.0	0.0	0.0	0.0
MMS917	-0.22219225713576746	-0.037909928364215834	-0.15216441660623994	-0.08217941302086808	0.10878558462514498	-0.05531184243275528	-0.013169403076529746	-0.03918989839604676	-0.06464306418495114	-0.018953068889724776	0.05310442116299944	-0.05707591585891573	0.021382053132359555	0.03140437231367653	0.006327728897439478	-0.015038329512947063	-0.005705848095137627	-0.00047273364151007003	-0.033034688068371974	-0.01873299272337296	0.0024963778717730966	0.022693800493485846	-0.0013953496054533933	-0.0013871919152369273	-0.0033760153629475618	0.03521398903907898	0.003767418740914879	-0.010054203646469594	-0.01455163387502273	-0.013934516571897341	0.003629768565596207	-0.007641068225867454	0.004209137116909274	-0.011714119074387514	-0.01194068423838475	-0.0038986867696679008	9.89977347922544e-05	0.001040886943753057	0.005814402709520714	0.009287195331607217	0.0013653332007565295	-0.004044918187129095	0.0030198553203406946	-0.006145965169688011	-0.002350397499080494	0.006617992734343208	-0.0016008597831285612	1.9426686500837954e-05	-0.00038749644931029896	0.012204541610814643	-0.009793793398436963	0.002377251315650973	-0.007947921396268601	-0.004345499376940364	4.322038450272375e-06	0.0015166027669334047	0.0	0.0	0.0	0.0	0.0
MMS939	0.00961493467611449	-0.008351921457071075	0.07902286659417303	-0.0024771424633651647	0.06720422200586423	-0.048827409175171574	0.002707668589538365	0.020587022773618763	0.00492452826475374	-0.026619798644157106	-0.006680727918827863	0.03641859481700108	-0.02477865633467101	0.03750748663461377	0.020289229102482903	0.0034244731749412836	0.0016442534607671677	0.0031191945972001483	0.01968133277506802	0.010651176322990995	0.007141161099836259	0.00751487572597373	0.021572782030919595	-0.014949819724517472	0.005956967634459793	-0.023451174244121003	-0.05118687062623347	-0.020419156570319872	0.04388941079475147	-0.019258529148529692	0.04055736345890802	0.021108061507046524	-0.03547809534388842	0.018604060709715067	0.004349689358276443	-0.000121201465554252	0.027887792615204503	0.004802939181269341	0.014429516448181074	0.02629123848590973	-0.0005298108326610926	0.0038606909555669463	-9.045799129887657e-05	-0.017087325072109225	-0.010880111604937208	0.000355394289530465	0.005998420706104154	0.009013575692001091	0.006161442011666445	-0.012867751126581915	0.0065749326802943195	0.0007423337303319498	0.007463263943311939	-0.010278418378579313	0.001048921674405821	-0.003484037582634003	0.0	0.0	0.0	0.0	0.0
MMS938	-0.010113450142132597	-0.07926001061491109	0.059587233357532896	0.03027464559330038	0.013749645608013948	-0.050541489580869486	0.0009843557877932995	-0.01826445095987861	0.020238040220509592	-0.044890962853031104	-0.019013471706150597	0.01630057192043016	-0.006502484492226631	0.0006027255228841111	-0.0026219809031975813	0.008436660394564635	0.028315576750277755	0.06984925699022151	-0.022223497706753203	-0.03706609955640244	-0.01030240085027703	-0.008948098836107842	0.016939209442668125	-0.015052620847137314	0.02036096783947696	0.02516055031205411	-0.04415354601253498	-0.004041083808517815	-0.008156393430907368	-0.023704535847071193	-0.012774952424104036	0.0014928426966873613	-1.7624943964434443e-05	-0.003242106351786257	0.0102266939904197	-0.012586052881126995	-0.02659930354252463	0.01782005487867826	-0.0001447054640849815	0.005490891207138431	-0.029566152215664016	0.006020913430879047	-0.030090872675432336	0.025602000372551403	0.00937174884887234	0.01159728851545355	-0.013411314927346577	-0.0019047855945335344	-0.006217663291989803	0.021105642298498994	0.005339274793608624	-0.010212362903851796	0.011236958920279412	0.0007450809123100423	-0.00507365198904845	-0.0005984378402217133	0.0	0.0	0.0	0.0	0.0
MMS916	0.04408644584576489	-0.001190622921567979	-0.0041466547843841284	-0.021009789572678194	0.03045199339161863	-0.037539977781462175	0.027551675048661285	-0.029684997049751524	0.02670124259178394	0.02522659183958904	-0.054721466465586996	0.007710110802291815	-0.025774393234277385	-0.01494512040235751	-0.023913070305895165	0.0016214902834783224	-0.03809890787525047	-0.0008562349831972791	0.013375601545697013	-0.015302559552668502	0.010602897502271271	0.021248993444904083	0.0060959121757670764	0.016939659888363486	-0.03054224118504096	0.021665273618589376	-0.010248830617861684	0.02598128267201906	0.013389651585397483	0.008379845906484237	0.00900139706334444	0.0013733371218807536	-0.02285750854035627	-0.010755184649273483	-0.018045066874938714	0.022422486313038288	-0.05501546966943579	-0.05043574724553177	0.017197117336057232	-0.0039685856178125496	-0.02041176783798114	0.012889469330562106	-0.012192395238524615	-0.012306161890217862	0.005343580655889343	-0.00037271200717834053	0.015497266446860194	0.010678664451137016	-0.010962841559393305	-0.003772232315770605	-0.007313698854397262	-0.0037302028511469057	-0.005307415311337504	0.0015023835934569083	0.006009185174619038	-0.0007882832982243932	0.0	0.0	0.0	0.0	0.0
MMS931	0.0248408308960162	-0.03775533852701858	0.1072275234333734	-0.040839232939166574	-0.03245513692140709	-0.0004863536864992374	0.0074609655610427626	-0.06716315883381249	0.03760279125787062	0.015887112326526575	0.03008253082693037	-0.043313966928781755	0.00041415780852758767	0.04789709315887341	-0.009820849068280313	-0.007338986515579244	-0.023734248677514697	-0.03982610593969968	0.005524324808590418	0.016070213433856846	-0.013363785130943152	-0.017887917970778107	0.008751673381869426	0.022291020117696222	-0.01825059482842094	-0.01205736401227014	-0.0005247517066856515	-0.017656671144945728	0.006618439253998525	0.008458087018447686	0.02147898316641237	-0.0049890275673643274	-0.026095780958178535	0.005353682069345199	0.00671035906982827	-0.019587902767279605	-0.013393429544179946	0.01973505886917126	0.01842712157472441	-0.03662512811288874	7.449250341168028e-05	-0.0024143488647942087	-0.005347697104521613	-0.005590587875886819	-0.016170518959453182	-0.0016678884640539595	0.00925828213415308	0.012648272384343167	0.017869655560140398	0.011618458406643085	0.013418497799384485	-0.01356546803687983	-0.008617887980663888	0.00015277219252722078	-0.003940683525510586	0.0013347382214869037	0.0	0.0	0.0	0.0	0.0
MMS915	-0.03936320455847887	-0.06463307325441008	-0.01795974401387524	-0.01243336784468718	-0.0598139106781887	-0.031148457223555293	0.032629131774597045	-0.10906380824854667	0.03944522776753987	0.05306335602087981	-0.003855683255282811	0.04020200545822881	-3.9201087827740346e-05	-0.02047013168036689	-0.020514554772923545	0.03480525229350632	0.00015752139923178412	-0.0447555774348253	0.008751092479226083	0.02442304422291332	0.009040398618423285	-0.009902725288028307	-0.05735248392579852	-0.03736132277739141	0.01342076986454855	-0.0007232665453835096	-0.014883057542995378	-0.026319643254216082	-0.02424112468988865	0.00900226604214965	0.011074256470516563	-0.025343879390204466	0.028925683523354798	-0.015289223702015622	-0.008353316792056425	-0.022905117676162944	0.004022659055017839	0.000831101685373643	-0.0069053999757039495	0.01043220075778841	-0.036619134633644045	-0.008575783059817842	0.018358133377802604	0.0005050948088831083	-0.00504438940876048	-0.003253364633224836	-0.010369114063917943	0.011610090803805848	-0.0007247733480798767	-0.016087109118427808	-0.008451173514232286	-0.007073730838494942	0.007429585154287405	-0.002557051251592831	-0.0023239716341179727	0.0019134437534717242	0.0	0.0	0.0	0.0	0.0
MMS932	0.03571036939475245	-0.02683327993999156	0.09509525973636808	-0.021923118089074697	0.027406578566407932	-0.0446113981634918	-0.008981205766883453	-0.051813986363013126	-0.014572179738294114	0.0023067319275137457	0.007504731504164463	-0.0430976801846669	0.009329781869065513	0.038255366345136654	-0.005638776185214837	0.03140224683188352	0.017522821810797066	-0.008575845154146165	-0.015449651182164917	0.01742288586639322	-0.020969986295197845	-0.010526998804046362	0.02113112297046835	0.012126523550943897	0.010872473582833022	-0.010245423648007443	0.019587901743132158	0.0166572669801125	0.027637474636273984	0.021589852839835277	-0.02303339545171593	0.01736108439038315	-0.022295875979087918	-0.012108057441361198	-0.03484738830943982	0.02091649030921473	0.022369272241453433	0.014984440199207858	-0.03149535668709722	0.01420152720583658	-0.018888367072631314	-0.008130864430230585	0.007351567716241189	0.023905662228976745	-0.009072344428207315	0.03559496321140189	0.015683019858578857	0.003991488672553432	-0.002236999121836899	-0.0026530109834052894	-0.019987091212795564	-0.001432488550438675	-0.0023994816743406404	0.00301681434692744	0.0012438530811245344	-0.0018977729844279864	0.0	0.0	0.0	0.0	0.0
MMS918	-0.18655621728746774	0.10791351969216877	-0.1755021421559524	-0.06374754150689861	-0.1589455037359075	-0.05111542435870959	0.07233325819062544	-0.020128318193297762	0.03673774505103774	0.023376897660690336	-0.021334984534736076	0.013541240365877796	-3.279298219985491e-05	0.02283564883198241	-0.0039112555836708345	0.0016016935248594501	-0.006922887326265887	0.0012411080379494193	-0.02776426213224068	0.010929306449061222	-0.022347963839634985	0.013830726067683494	0.04134410135573261	-0.029277883666605893	0.02793821470011704	0.004660054346984232	-0.002739141256773358	0.0009044370207804054	0.011258594426554087	0.0022264162889922734	-0.003928968837945241	0.002725311539979337	-0.0271537725800665	0.006674292984977894	-0.001989445754370506	-0.006983180499767937	0.018972372531791994	-0.014562327123666018	0.012370338014013696	0.01827494635952551	0.001963394758201887	0.018686722253660363	-0.014724381284777995	-0.012932637690092976	0.0027783436565241835	0.005260275473213693	-0.00313673830475165	-0.016051861454822496	0.004720407713432881	-0.0028134304695926005	0.0016459172286880128	0.0009961970183499419	-0.00545145924457105	0.0004998166493761669	-0.003891628540791004	-0.0006036647084454933	0.0	0.0	0.0	0.0	0.0
MMS914	0.06370462992174014	-0.0016742884214164674	-0.052437797319534095	-0.010698082246383238	0.04448409064862424	0.08582081774851961	0.039086169893911046	-0.0919712772628407	-0.03987033007699117	-0.00018202185419895854	-0.03723109085174987	0.07190134080335543	0.00720579998534154	-0.00943970667314596	0.05072796870424446	0.02930583190695862	0.05525319527445691	-0.018262983934694454	-0.017276888886295524	-0.03470066368277624	0.02966234115855514	0.016339919834800775	0.047492037674473325	0.02924724093619151	-0.007403843152369076	0.006929890086049959	-0.011408567416431214	-0.02754222376849852	-0.022332339406140895	0.024104021476753616	-0.0024167875245750758	0.01150163668677615	-0.01515865425403275	-0.005251924377836278	0.0004656204877043605	0.0006730516258929447	-0.0015994291888131891	0.017889533900816216	0.010597165196369464	-0.005543400402784708	0.013107843589155437	0.014278893899481374	0.009086218090614974	0.00153212817164429	0.004750257538611226	0.00159009202707455	0.0072764561963160656	-0.0016509194968269312	-0.010426235629373226	-0.002905131132806193	-0.00013884685435409347	0.00024228541275357257	0.0023685906708044023	-0.004911748488190147	0.005982706829251919	0.007329655656966523	0.0	0.0	0.0	0.0	0.0
MM9362CU	0.0994014608871752	0.032648925218807086	0.08266001568886017	-0.08201851229184513	-0.055445516031015905	0.11773486689123111	0.041131924687850985	-0.11181006205641757	0.016960330964004743	-0.028763380353372968	0.05685682107411664	-0.04389471055338561	0.01591514988650711	0.0049900008592018465	-0.03747955702146117	-0.030101069163417937	-0.028850028944172913	-0.0037085072528148812	0.0069673048889835314	-0.015562734637010318	-0.0013419405988209388	-0.046442964223401946	0.006925705927898177	-0.0020802739901732282	-0.02370586576908634	-0.026998658874634842	0.007557934536404663	-0.01160526652902845	0.012726155826569361	-0.0035952204456309207	-9.651927563461762e-05	-0.02307064886273031	-0.0017719148468172655	0.0010511940364142378	0.019607140919762008	-0.0005988064212895828	-0.003209636161821449	0.001741763707894577	0.02042376138063266	0.027020878738665648	0.0033286217490737366	0.001768798335018709	-0.017645026761108455	0.007450616212852297	0.008587148064610327	-0.0014481067836643006	-0.0015072077160902854	-0.01984348439581909	-0.011546775641129355	-0.00013983989600530272	-0.002605773201062426	0.012784706469816382	0.005236534051749244	0.0036365981904742835	0.003524263205300104	0.0001536644556362622	0.0	0.0	0.0	0.0	0.0
MMS913	0.09606845753616752	0.017923544793462556	-0.009441873505551307	-0.0899214346062223	0.00863881418549564	0.041363570658822936	0.029720147776908866	0.01590612792890369	-0.027595727443202392	0.0020396609923898057	-0.017781556502493183	0.013085357560545317	-0.03714026839813799	0.03330985611595106	0.03794982703058349	0.010615579924700394	-0.015661387287240303	-0.007486794911786139	0.005190503796150241	0.0044402931486312745	0.03761475310557879	0.024366102826086183	-0.005027190484280207	-0.034996319130135255	-0.011988023616571203	0.002108723784522843	-0.03320624760060514	0.050679953323291976	-0.026299007601127824	0.0022626656921132904	0.004080476080390623	-0.0033788838510433314	-0.01517210292344481	-0.004905774622441691	-0.025848149557992434	-0.029797945696845376	0.012765498941528052	0.016406481516799507	0.008208128977575254	-0.009154216786676248	0.001369911492695101	-0.03335035725611017	0.008258255133020085	0.008950392459883664	0.005406947355240786	-0.0013218632308197424	-0.010099575845942966	-0.004112104118291994	0.014239911892234763	0.010726473592569601	-0.0012953887266872676	0.015590316503100271	0.0020966744957051217	0.004997057971029359	0.004943479021453212	-0.002357106797274714	0.0	0.0	0.0	0.0	0.0
MMS890	0.10399191493273352	2.2941056250182507e-05	0.0817508058110495	-0.05674696939490608	0.033787330243952626	-0.02527606849233798	0.00673806901314681	0.000969555110827475	-0.006613224619378387	0.013481196034006044	-0.027867807203769385	-0.013197316034572129	0.008246969188997874	-0.01905951328650106	-0.011388719526236981	-0.0006734963147285366	0.0014757779881852996	0.02075537876475009	0.003484326131434189	0.011984140337363803	-0.010227759417232167	0.008473058111163929	-0.006493269109995602	0.007423606319768252	0.008490323085146845	0.017994124804459763	-0.028195539314636538	-0.012488762107286397	0.02344463461785521	-0.016609311882208988	-0.030587841927276375	0.004598789297558748	-0.0028967440563338405	-0.04750860439267988	0.01680430657797266	0.006366946360631103	0.004950767862368969	0.024758983803349743	0.012010737356029472	0.008144309525211477	0.0314209270644771	0.00688675507916711	0.008396659698514955	-0.007493788539438646	0.01869298951753428	-0.01909029506647673	-0.02654633254658791	-0.00014747907393147284	-0.005768806306717831	-0.016379848325568238	-0.013595488496310253	-0.004110715567155244	-0.013295269172603099	0.0040425957090329916	-0.005592088834230993	-0.002471392521063093	0.0	0.0	0.0	0.0	0.0
MMS891	0.047437391279654	-0.009722479093290937	0.048304739079147785	-0.004707344950234659	0.02810086562623684	-0.03833860677261673	0.016909693530853472	-0.021231490382694035	0.009346929397648534	0.009498720180197056	-0.049357833998701944	0.02588080621516415	-0.05855990739964084	0.035596382318811126	0.009284709483078782	-0.021361328952987327	-0.022881129483298967	-0.016146502447117926	-0.007062210106237269	-0.035614537054366936	0.017895384457201267	-0.011966920967849168	0.03979147925633499	-0.03173717922742666	-0.003518752992036001	0.0465733933180472	0.02699869068586358	-0.017708052978635876	0.044030176294521606	-0.012324342292754913	-0.018784685596101622	-0.02264493814353348	0.051491671467862044	0.019922008947026924	0.01623201455770024	-0.004666999876380632	-0.012999866298973737	-0.0019058458108642039	-0.027684565876232702	-0.0019058683075977108	0.014294416432421651	-0.030910388345682997	-0.0019138155196919222	-0.024056139211446524	0.01078030693785016	0.010469846174084627	0.0049463014797018045	-0.0037000730593072617	0.01386580820644092	-0.0030336815219510127	-0.002675887011495004	-0.0022760306170461183	0.0016952934087077778	0.002339726560296949	0.002366645241856726	0.0005756629836515312	0.0	0.0	0.0	0.0	0.0
MMS924	-0.03605622724176788	0.10713082253898812	0.011915031387605036	0.14699003217088422	0.003298549109373371	-0.016402575893371366	0.011402382031101853	-0.03932578249393176	-0.005715678529097562	-0.053727986980804054	0.028024232706247973	0.018336841449389976	0.03362580206239506	0.01405566066175226	-0.020412788329890158	0.010877638682063952	-0.038795173269255086	0.0019252386846236435	-0.031089750587434628	-0.03261654430788629	-0.01984111730978998	0.024852562179940377	0.005567630939611827	-0.014649732786099679	-0.013240436008011716	-0.009597294512411052	0.004872305674145154	-0.028305293169251036	-0.0322320720887182	-0.007179246524762334	-0.01964416324831554	0.02698363413248161	0.001611655306902035	0.014502060379764812	-0.0013172852611935363	-0.0057651446088241515	0.009576883996939324	0.019066138514277325	-0.0005120999083506498	-0.021401906099827575	-0.012621962386858119	-0.023989757608403155	-0.007635266216361344	0.005528193462285226	0.012200064516457353	-0.013991130438233803	0.0026722556614378755	0.0002251610661529789	-0.004732713587371694	-0.014961978569201397	0.006516149699114963	-0.004115077952122167	-0.015974507736776965	-0.0028384457461862918	0.006457030219897882	-0.003707596014421795	0.0	0.0	0.0	0.0	0.0
MMS912	0.06545288965927905	0.07010291536712204	0.0015182306598572114	-0.008571936315456169	-0.030403968975882118	0.024316265281794435	0.02198759388320896	0.004428985515695382	-0.047349057223666606	-0.028758353146072266	-0.0029427514162819377	0.058620030777326526	-0.0008671186966832668	0.010237162634249381	0.005230381272867914	-0.024906166669736118	0.04208187618278259	-0.006410529518908217	0.0420674824360801	0.08445567071893734	0.004289253565376072	0.05180337342982042	-0.011377386194034321	0.009071715657389377	-0.02368730055607403	-0.022187793008561964	0.018364549875759535	0.015379219027456021	0.0023950915354704234	-0.03528656021227328	-0.020451723856702055	-0.014510228955891238	0.007663997029101905	-0.004479801601068034	0.030087827638427437	-0.02642626021706797	0.0008529929815690619	-0.005265109230911467	-0.012189686908425252	-0.013617164747454625	-0.016756984443260303	0.013329614015026142	-0.02673317686317089	-0.0016128627952390138	0.0029229079484174273	0.012589682983499155	0.00013358116481681134	0.007835365127278485	-0.004865428620855857	0.0071204985786651066	-0.011752092327934	0.00042743876476575017	-0.006680833664701543	-0.00506302638028137	0.0029321884739670545	-0.002365713516356941	0.0	0.0	0.0	0.0	0.0

Biplot	0	0

Site constraints	0	0
