Eigvals	61
0.7460409430773183	0.6579191962033502	0.4132382088292787	0.3401747977737513	0.3036979055775716	0.27407348506748064	0.24643549232780437	0.2448632970505353	0.20628166478635263	0.18167384869941203	0.16687816861194674	0.15265771006210183	0.14187827195165328	0.13417113569790712	0.13158993161771754	0.12386692159745291	0.11709204784265659	0.11250904150004558	0.1103764609543775	0.10453985426533194	0.0999360516967868	0.0973269939321517	0.09220915346986756	0.08796398705033552	0.08328075035564328	0.08047238880693451	0.0783562793289936	0.0762710298867686	0.07398002766939173	0.07253943155137671	0.06711860863161617	0.06684562812163831	0.06159714091083531	0.06013363534885624	0.058510265321638374	0.05609128760989916	0.053691186203535635	0.052727341160648374	0.051224623815677335	0.049762284746961864	0.04890734199807167	0.0463769310674921	0.044377626094401754	0.04356309847887616	0.04242762370036702	0.04018792378067891	0.03906857956890434	0.0373394466086806	0.0356057156429423	0.03495576119832062	0.033040689766906314	0.03137732998047571	0.03053602579432113	0.029819945439277087	0.027775020796181323	0.02633806572227198	0.025007112956091183	0.024601358253716815	0.021078338369193424	0.020311227837068173	0.0

Proportion explained	61
0.10638439291859321	0.09381835531555853	0.05892718943243509	0.048508449413097635	0.04330689570769279	0.03908249486109673	0.03514135583061563	0.03491716298748314	0.029415476298140005	0.02590643621159578	0.02379659296702792	0.021768775507561115	0.02023164274021812	0.019132615911859864	0.018764539827540314	0.017663249422323352	0.016697161919764635	0.016043631638317058	0.015739528641281697	0.014907236707333023	0.014250740913212814	0.013878692932527817	0.013148896055176162	0.012543541273282497	0.011875718284099343	0.011475249863126449	0.011173495617265047	0.010876141969246897	0.010549448263851253	0.010344021276394312	0.009571019525231502	0.009532092887086398	0.008783665966495244	0.008574972124436241	0.008343481833681629	0.007998539002145488	0.0076562879053010836	0.007518844952998491	0.007304559565639509	0.007096032063885073	0.0069741184260816705	0.006613285373710735	0.006328187286541413	0.006212036790114652	0.0060501196780486585	0.005730741608404098	0.005571124692547729	0.005324552755771508	0.005077325149852941	0.004984642556950459	0.004711556054772203	0.004474363280398851	0.004354394482527325	0.004252282427473	0.00396067903929613	0.0037557712596257924	0.0035659792604770383	0.0035081192085770607	0.003005741510499021	0.002896352623710878	0.0

Species	0	0

Site	61	61
MMS930	-0.010569129930218515	0.12125275162139902	-0.11787310785037837	0.028001880376619347	-0.06129873228527598	0.003764807441509474	-0.021750143465922085	0.016941670321935144	-0.01794714632115588	0.009356978682860074	-0.01269522749756701	0.010541512570053351	-0.025290659508828018	0.018541647812894	-0.017629471089326134	-0.03207325025720951	0.05206909505493709	-0.0021003389203504536	-0.03744241973089957	0.013455786966500967	0.012720081755288458	0.024746813649339273	-0.0031078172326257448	-0.01869981192057726	-0.08299520831165168	0.011895074224102034	0.04879287418755259	0.023372571044055008	0.02105484308017443	-0.04462185823045448	-0.07147963472089576	-0.0053146865733322305	0.007328655938107642	0.015193622778423004	0.04155800324779714	0.04059627347834548	-0.01768972622444368	-0.055977453744142265	-0.05140670462512425	-0.020066312540279428	-0.020589712272339595	0.0003749267349943214	0.03530978102658215	0.0008898307219990237	0.05343314562925207	-0.008733945479430093	-0.018537782688371023	-0.00806046101063031	-0.0032141709925761564	-0.003402613443664755	-0.014240958136052388	0.02691373272093766	0.01677057416821182	0.012400071293404117	0.046620026470408395	-0.03417409328293069	0.041238292866042255	0.003050955849249042	0.036670581451042	-0.00716744436715297	0.0
MMS925	0.11930555041496142	-0.02237708552208519	-0.01960271632945193	-0.06039895137168859	0.03239124820455565	-0.070407732633914	-0.012406697025818425	0.003206346292949112	0.026113876550893495	0.044227863180029164	0.030519472971428794	-0.07281956311538741	0.03083705848524006	-0.016238712055029372	0.004990332896820824	0.09369310674309807	-0.06339355175078992	0.022453288585029374	0.02572311520582176	-0.1042055538926397	0.016251103261105734	-0.026315244572743535	-0.04112585474333599	0.05733458386208771	-0.03684303958286186	-0.010100230452685025	0.03842117436225318	0.05584445015291497	0.02978044489279125	0.0809972647016467	0.02833345882644636	0.015705236776999264	-0.01312550413297644	-0.027627737706851365	-0.015134725689332574	-0.03219527901170154	0.01818456823370008	-0.04826316300796704	0.03218114757404363	-0.010092582424321596	0.0013087819096012404	-0.02721313728504968	0.0027771125975433308	0.03710336803477256	0.02338956897151987	-0.037763675848263414	-0.033343833703582605	0.007641034899467052	0.01128772155646197	0.0144809915755664	-0.0061767072099652865	-0.005370984479618553	-0.01889448484375213	-0.024610712422875828	0.006055382028660536	-0.008619609565188814	0.03781215818092528	0.021281219298012587	0.008859735342104637	0.02138018667901184	0.0
MMS911	-0.18748503777278977	-0.0423564382953987	0.08451966148664554	-0.051625385427916545	-0.051622607827474264	-0.0711916025661892	0.035465398758179285	-0.004065694646153682	-0.03216841983056096	0.01077589402353531	0.07387491839696476	-0.009227150966374628	0.0074359070326909665	-0.048935521352368894	-0.004805344803731986	-0.01157664369587859	-0.013428979651298514	-0.06022645333614078	-0.010782475415945816	0.01527519272873658	-0.01626131331815446	-0.05155471519062388	0.07169534373734976	0.009579708520070456	-0.007869480217158071	-0.017788188137279285	0.023741950002352356	0.0378559562121208	-0.06402636969017488	0.025789033281995673	0.011611867434783174	-0.0002213367608628277	-0.005351139534665897	0.015563445813658922	0.08628193231084151	0.00019562917789906	0.033354577409552	0.025156949901609337	-0.05556060646016048	-0.021350898103895333	0.014745428252729146	-0.022507356341188545	0.03439035631880839	0.023582198821396387	-0.01309317847206697	-0.04274383539290873	0.030307877046479883	0.03538763851021586	0.010573594571449399	-0.0009273549697622921	0.007308088745885435	0.057092331911047435	-0.0034470383810070947	-0.04338704594711756	0.00024332460012621687	0.0009130274753849142	-0.015521819426488968	-0.010978122347654003	-0.01726977055859159	-0.0035618702816756233	0.0
MMS920	0.08376446328997543	-0.021724769415446737	0.05506426245622446	-0.05727548236058646	-0.09841784676459049	0.030238506401612294	-0.025919716149551256	0.08363785268833228	-0.03867508090326501	0.06344680073685469	0.03246918868621158	0.017010227400541224	0.04039153770645815	0.04931639865725584	0.043907840187045896	-0.06915377225213785	-0.024824060730153797	0.020334670207716326	0.0014207768830190224	-0.0005929003568725785	0.03194378720372267	0.00803918094727919	0.007768547074968703	0.007715220478994794	-0.002433077181135423	0.061501379498610294	0.02578345895544287	0.13018368531325258	0.03541349085045159	-0.0014477919946952456	-0.014723351874411593	-0.02702893579410855	0.022455067268758934	-0.0412612471972167	-0.01598404784226117	-0.0001767226186092792	0.004052932725934271	0.06913505758918764	0.03562991900236117	0.018912754988473435	-0.008931114561439349	0.004509317096028051	-0.025004870285289398	-0.019531232690568355	0.03626928101262108	-0.018137130090001157	0.015118546954905965	0.01656898543034941	-0.03919009996663741	-0.04884748982557247	-0.00472594696493909	0.0003538345760036311	0.03619793083246553	0.001978248483608031	0.01610769991942148	0.016864083660797696	-0.020298737143127108	0.008022441957201983	-0.008503621249318211	-0.003271282823032778	0.0
MM933M	0.006884749418200672	-0.1922005946216949	-0.12367183177638479	0.03758224919769504	0.02103613941484794	0.14491391278440136	0.025643727407779388	0.02664382575038098	-0.02237923385954703	-0.09222870540780907	-0.005603087332966734	-0.06782198193512637	0.09453830620355808	0.008976362175045336	0.04071941999092164	0.1497448548555259	0.0554266458888168	-0.06917248149277118	0.026496421668453143	-0.06526035544718903	0.03146765820556909	0.026758389682413206	0.026591606573648684	-0.03275301647794821	0.00031672734065189736	0.012372611181911916	-0.054042661559429765	0.0566900537808761	-0.05154160904054932	-0.016410977313981657	-0.03223749148442975	-0.02257052529678434	0.04610893128559721	-1.8634229996278812e-05	-0.014032537591934414	-0.02212972756527757	0.006403698777008292	0.01967338798389926	-0.02330346974801432	-0.0027879288333045637	0.026067454891677853	0.03453991651610791	0.010705967874556115	0.005877000588163155	-0.02646915825689339	0.0019454766447798018	-0.009923082001923132	-0.016613783582376168	-0.011884892280841657	0.009587061185526262	-0.006918307534521769	0.009380268560904143	0.007766721982543421	0.009942579533486335	0.008192560057881854	-0.0025681742057131842	0.003089981694788617	-0.01210422408369747	0.005847756386303838	-0.011927630970690283	0.0
MMS922	0.1435036481790261	0.0194863804342338	0.031750930446432096	-0.05400373753854751	-0.05728620388362741	-0.03947936023035399	-0.017837288115939983	0.015580077865931479	-0.05585037727659698	-0.08613129947635417	-0.038659658138695006	-0.0023885167696404033	0.053989928918810805	-0.02078736109277886	-0.05239772500398992	0.007011120117044459	0.02096234830213155	-0.07688668916963774	-0.08130209932149295	-0.10554338227531461	-0.016052687849428177	-0.02139290734978	0.0031472493271696637	0.04244496150605485	-0.023269663248899154	0.07670930448376512	0.05119600032274332	-0.07141662456875027	0.023138535183926008	-0.019756608703776102	-0.044345856589053	0.010420171158502451	-0.008304883013075144	0.05824745656806538	-0.03651139766000449	-0.019304040240906373	-0.02842681763378102	0.007520963189052623	-0.026360294895885587	0.0045072049979889076	-0.0059854462106832314	-0.05061927303708177	-0.010319718096607566	-0.004893702846288845	-0.01937095650897185	-0.02104565242621461	0.018624700865743277	0.005972000313764558	0.014062733435570577	-0.0430556583552892	-0.0016141182713502293	-0.023441877086717338	0.0009549718292259313	0.007587157302007937	-0.017432324538317272	-0.010508381129002934	-0.026435865613177015	0.011412448467449076	-0.013828921481291992	0.0024096739156151356	0.0
MMS910	-0.24856552679148772	-0.028837731901611905	0.0064559448864963944	-0.053973645278983164	-0.03244064103110354	-0.06330469763857761	0.06573701742623142	0.038212697781261025	-0.03420351869761604	0.037282036327619394	0.01855941460201987	-0.03520211699908201	-0.0130789531357865	-0.024239771322493806	0.005749530927009785	0.03749277815242178	0.05920478842932479	0.00026658470223704943	0.04561212168039969	-0.01434327507901081	0.02793568457207425	0.04030732233824734	-0.03681899623132587	0.010723589477396487	0.025444518891367857	0.01808570832830839	-0.0123133322926719	-0.05264917841689702	0.007969092573035517	0.02670434030541068	0.023715895456806014	-0.019831615080198272	-0.011047291351463694	-0.032941288878660754	-0.03798352560127623	0.05112742728690223	0.005917071725696589	-0.05537224879178161	0.010214835070276217	-0.002949755736540756	-0.0411979839744246	0.045733566807899334	-0.024203863634329782	0.03895633494973757	0.007537533172950568	0.0014294815919021877	0.024790933194585318	-0.03427011344266013	0.0038597356869902884	-0.031229006495882276	0.01045064018190826	0.018015254617953756	0.02406964477093402	-0.019422495084285653	0.021759161833068474	-0.04181922712690085	-0.046998853763841705	0.025993429773430634	-0.019010207901112755	-0.021875967080258463	0.0
MMS923	0.10102445328869641	-0.02177408346641977	0.0750288676105713	-0.048666332850457406	-0.006402935807393474	-0.0337780910154083	-0.0789798443882128	0.14290459144146286	-0.08055402642153255	0.025245358083869383	0.011416230839874275	-0.023073107579918012	0.03719736440774439	0.01882574577533892	-0.04821453861691663	-0.04427180559683743	-0.009153861998733028	-0.05684503781908402	0.031731874386394666	0.021727854935900372	0.09538823071034225	0.01747151204026545	0.055260550316194174	-0.005189632766852687	-0.04908874343092695	-0.04884549800939908	-0.03465271194856078	-0.08864739558884918	-0.02757497780284228	0.01637847056263267	0.050653768526707714	-0.051103246470409265	-0.022637876789723985	0.014211659739254234	-0.024538981816464682	0.015527220831995297	-0.04508177137231657	0.04308480289448429	0.04167860616418672	-0.010864319137298524	0.010781640761983558	-0.009456090582798404	-0.010856756894374615	0.03023308347323423	-0.0006657144027917727	0.005781774975877806	-0.020992482201788433	0.014532215884908908	-0.025830873503563136	0.013177331912305822	-0.011519401713511752	0.03401531844369753	-0.0029858792533647483	0.0211256040139114	-0.0021518483699649793	-0.010725174668694727	0.026739593319309213	-0.0031111198583777667	0.01881191722912137	0.0014460985474656265	0.0
MMS715	-0.1679690387001122	-0.06305109615621562	0.11087578127146434	-0.050989230645759706	0.03488797812667114	0.08663346414028622	-0.13328382408113718	-0.018561372598542465	-0.030570131854824763	-0.014641884000839982	-0.021000665205617317	0.03498475465324225	-0.05806095906373432	-0.03710742270315804	-0.04718456773970919	-0.016500902563835237	0.04548135210343028	-0.025121950048673302	-0.01843864869806622	0.009532281938158952	0.02593096182605253	-0.07387687743029256	-0.01319069507864198	0.01539368017007016	-0.012062414238087005	0.04001326586892138	-0.02649924771120337	0.011659686005475811	0.019712162234689544	-0.022866776669085122	-0.020399277406180936	-0.03489743840514657	0.0017364114940576262	0.005393821500056989	-0.002828090212892257	-0.10792174475051457	0.018136316644930674	-0.020756593746723753	0.0159911728392093	0.0046946133385187125	-0.02653940240876671	0.0329354145434764	-0.002251903323605587	0.016406836105935168	0.040755858828073754	0.05529492457376745	-0.012053193518979854	0.04791673344186161	-0.0009143803659530355	0.040653754964719846	0.003612070681470739	-0.010041513665324795	-0.013680403891614049	-0.027506610188047415	0.0020610255502008616	-0.008816722593447755	-0.012589488892665767	0.012431351801701743	0.006291692960040289	-0.015278627509580124	0.0
MMS714	-0.022267308686346313	-0.06252638171656712	0.11306443156861486	0.009937498348181193	-0.14577065278680193	-0.01590085914693492	-0.09496605649785868	-0.07378255995897927	0.07675314198248855	-0.029357735858459327	-0.000401072090556802	-0.06161157361198195	0.07386722124839	-0.05296125750581325	0.039464452980800195	-0.022765473557120646	-0.023661322386548472	-0.023501900419758658	-0.031181468011666044	-0.011119517072855703	0.056522850295418585	0.014944085565446586	0.043597082330316415	-0.06950015076946729	0.06054990656941872	-0.03900214973414888	-0.01078297697126171	0.01731868844551986	-0.005069159509717112	-0.0030907748846221595	-0.058243343587879685	0.015054856206871048	-0.05027047516495182	-0.04199190125620014	0.0011039523557727284	0.04192575589031811	-0.000475858718723502	-0.04568467797599019	0.00542903573413905	-0.024303750555381434	-0.001236923650623403	-0.03774570220044125	-0.04325741813376887	-0.001582136560143193	-0.003220599879149576	0.04780140299963448	0.01450656452287908	0.027838426549916192	0.02024382992229699	0.016660251736826545	0.0185083464025048	-0.027530496504143593	0.015406588360154821	0.011303492590088221	0.01904272481558738	-0.0034063767212549295	0.014919945898245182	-0.007429975199848588	-0.016519458044285742	0.018417514949151493	0.0
MMS717	0.04050762981511717	0.06217632775481128	-0.015509457709603243	0.02127000866210989	-0.05707418425743245	-0.00012108521166518787	-0.027609191133213133	0.018946432904479796	0.03770892933485742	0.028481293071648837	0.04832429820863673	-0.0009952097662995138	-0.01486776236611941	-0.028833455612780952	0.044690490858330253	-0.014611572418347134	-0.008555869170816157	-0.048103143336406605	0.012691931060354099	-0.03292639895545731	-0.04669627947154482	-0.05388536275508709	0.0037989336746003595	0.013655499894864528	-0.007692573541695278	-0.03752643208791613	0.019146244351124553	-0.016411969050095357	-0.013218079064287182	0.0004353624886817631	0.027411918326652074	0.06254890336112294	-0.00769822088186205	-0.047655579698381634	-0.022041599067645346	-0.026902553976610757	-0.004394021550299407	-0.040196991902407164	-0.04711767143553727	0.015406127602875894	-0.0511325601479998	0.005051263401757189	-0.005767502586726895	0.002539989027906328	-0.0259988747254173	0.030402223674939274	0.006194157389503249	-0.013538324186705123	-0.1022654132821675	-0.011581040677857512	-0.022477524817552153	-0.0021302346847448263	0.02163076924052492	-0.0037987024052579875	-0.03150963741653779	0.006788700919657893	-0.003966500247573532	-0.042407199625428514	0.029327228382798613	-0.008125474483297446	0.0
MMS716	-0.04450259002412818	0.22582087724009542	0.18016528607502513	0.018684231278063807	0.1173890069736385	0.148634726504443	0.04443196876338363	0.0750896099089588	-0.06222333409131036	0.20947205876288005	-0.08054488512751005	-0.007986312914660542	0.08116794529106854	0.034453716497092314	0.028556069316520608	0.06547860440251721	-0.016210661739642616	0.04837138757393451	0.01762148534803516	-0.02991036836334566	-0.04538159926683614	-0.005195655072783968	0.058593112823763414	-0.03443230131837054	0.004483777911213683	0.018745945225966912	-0.013380919017587582	-0.03141464139010358	0.023603246873443052	-0.024817038283692767	-0.014112056912686995	-0.0017042259895735702	0.0025702082810245275	0.006494538145611186	-0.0022796395178826066	0.01777024028323457	0.031224732273505446	-0.016617549633369807	-0.01442533816393286	-0.010700962364407693	-0.01172480640614613	-0.02772421762665889	0.026501678691338525	-0.012424099397835186	-0.0039043613763767994	0.008677192789519343	-0.0005404612785672501	0.01963492508153289	-0.0001367669846737967	0.007357341121232937	0.004504823118882341	-0.004746123410951613	-0.011407607036163786	0.002072755236620636	-0.00023104402107113935	-0.012575407921784881	-0.012482928900454006	-0.014000617075723637	-0.004601973151449894	0.01438843728374351	0.0
MMS711	0.15473581056349164	-0.04466109832423922	0.008252974484356301	-0.08706427911959232	0.026680644688624276	-0.062494729704636515	0.03328615912248275	-0.07374714711808683	0.020640580361332397	0.095108962698553	-0.042850341013873736	-0.019652959954890213	-0.006377722460430786	-0.06093303936524659	0.06190778242220885	-0.03932111481146593	0.012954036716181134	0.008161470616619268	0.04342578236832762	0.00937733639605145	0.04528015389180629	-0.04479826787333544	-0.029268637629960896	0.033307091042388014	-0.0775070580530717	-0.029896448622727268	-0.04399958665977436	-0.0007605236317391853	-0.048117062740746244	-0.0399778337610084	-0.027648337032808674	0.016596177299654246	0.07325056134292567	0.0038687440992845592	0.010406275761018765	0.0044773544096148995	-0.0210329077456429	-0.013070268677711015	-0.04199127933123642	-0.008022682549151283	0.058265596289171294	-0.006562321506904168	-0.03914785665664065	-0.01576944947802299	0.03782210854619531	0.019107229407420857	0.0034608046331398817	-0.03216257604817126	-0.017953815300538526	0.006656050443838708	0.018645793253734822	0.004648814810189128	-0.02747252983908523	0.015607911512078443	-0.015770688590184115	0.00045459879586836574	-0.028782484638687527	0.02957825963158071	-0.020994245313529312	0.01850320711326357	0.0
MMS710	0.11781750872140292	-0.03718986830133997	0.010470179841289366	-0.06618028147430056	0.02883399620755459	0.06635740690521105	-0.02446188528057828	0.005214190249624664	-0.04941309539350326	-0.08114762532233256	-0.0625850904346688	0.11314020997530866	-0.002765231082374241	-0.13128491281302399	-0.023356449103611718	-0.05538775478885819	0.0486343543670586	0.05837490235923217	-0.016455012899011655	-0.024843248051897054	-0.027393989376324833	0.06903794453055807	0.011485561425967314	-0.024710292833082157	-0.02641099855036174	0.01457602173618042	0.009335380396333724	-0.03431066361746111	-0.044297910621281876	0.04827478755594468	-0.00023757341301592068	0.03069606962216895	0.04855477889526638	-0.07235551100710903	-0.0030193578473948954	0.038852102125459	0.08619516240379572	0.026569183425376845	0.007588024365348012	0.005495070941956	-0.004564883249702487	0.012160906451598681	0.011153539683680488	0.032494770232680104	0.004657635602014395	-0.011180900595134732	0.007628969188531911	0.010403818084159605	-0.007681650380577408	-0.003049023902360902	-0.000757752120921759	-0.017944895027525755	-0.01713253768953016	0.0003811416077566083	-0.0036081477208626035	-0.005859389144209285	0.020130164441871094	-0.004540422987842906	0.000821720442155477	0.01134774515945188	0.0
MMS713	0.12074607320626547	-0.026263616212810086	0.03396140246593654	-0.14119192805933198	0.02852624632236848	0.027941342402112164	-0.002365901203032788	-0.154897009518195	0.12366954448066268	0.06319843893323722	0.035593600136787855	0.048991759230658655	0.04172602382219805	0.06444813219465402	-0.08907170968508542	0.000581519474054916	0.015014611547755042	-0.019798268585528786	0.019872278688738476	0.009549524388975838	-0.053716079333935574	0.00823153811059517	-0.009716705430180236	-0.08257769015206974	-0.035560861988356805	0.05233931115180569	-0.04019646201067308	0.025871586718977675	-0.06774780538251189	0.027799171735789358	0.024857387151760234	0.0020748364501548544	-0.05139191443062604	-0.006530720411441675	-0.010548049533218353	0.022051686468922308	-0.030299077945368503	-0.01648391347180352	-0.007643270649566098	0.027273817949372732	0.012784707094901957	0.022213901497216002	0.00028223181987435116	-0.015139548070549848	0.00197507890120139	-0.0018644874356220744	-0.012826739787049042	0.027884409182098915	0.025852223032484	-0.026786573264324445	-0.030148357136725812	0.0027598053235486386	0.010487865456327523	-0.0022839036139833003	-0.03386820893003486	-0.021075900848565244	-0.003456484332481119	0.013251536177288416	0.016519969674570305	-0.014288601950508179	0.0
MMS712	-0.2859516622729494	-0.06359846731193486	-0.018691886496813713	-0.09808077205434512	-0.06497634477640048	-0.08426851487291301	0.11140192648981856	0.006524928703549842	0.042095736017455684	-0.010582279735427802	-0.0584138074889716	0.045198578824333764	0.016581710874437536	0.034904994110392176	-0.025170759943109043	0.07428920702547231	-0.01729490629662243	-0.024821843462721566	0.018936204004500173	0.07879380559721956	-0.020227880455671306	-0.01371172205632386	0.046490942461548716	0.008460155106698224	-0.003658524451218168	-0.005270238705182208	-0.015456805970423683	0.010221520756088781	0.02061755313501602	-0.015368978625795612	-0.01926353890824368	0.023210010301675695	-0.004788880132356283	-0.02411381374876476	8.302144839833908e-05	-0.021792862032174096	-0.019597506586594527	0.03348688423599039	0.008460429837574312	0.008276230214600997	-0.0215832825142806	-0.023739998790431375	0.011488942280241686	0.03739480153658918	0.0417134519838839	0.003466958634108796	0.004056337804096007	-0.01787482572060374	-0.01691573629957507	-0.03590547889852524	-0.0019937530718325595	-0.04348288961081595	-0.054088487287804465	0.03884336712107791	-0.015219796400114545	-0.009995292882155756	0.04006685872975905	-0.011548288043703581	-0.020503596715163514	-0.011365963438084162	0.0
MMS944	-0.012848287658625416	0.05255800797288473	-0.07321216132462999	0.00804501553702168	-0.059513419712671274	0.023416988930531794	-0.05082270214497359	0.0735403939766297	-0.016139007484617416	0.006357536493159908	0.017231853361733142	0.01063269411052745	-0.022859321897324574	0.0163880617060606	0.01804752951599491	-0.011086945191788235	-0.03790703131909558	0.01377038277747687	-0.024858969437544252	0.00853211266510101	-0.019200149562087786	0.0387652770431418	0.03659344528108262	-0.01666173813501478	-0.0039033874064664065	0.007905119604448339	0.018215598937333637	0.02437255524875638	-0.020154143382599056	-0.06627078735540551	0.015388432467956176	-0.04115596579975285	-0.013255806288277565	-0.034921202119552394	0.018187324092841326	-0.021655225349284567	-0.008944846942854785	0.004018719406644862	-0.029304558558772183	0.043221017715894025	-0.04718372498726964	0.008538609578231193	-0.07757646654877115	0.018524913264846683	-0.02190675869060647	-0.03155714299653834	-0.0009317873406411143	-0.05070866610851974	0.04951684440393926	0.04553958070971149	-0.04868374856546116	-0.0001972764928046558	-0.03801268850615099	-0.013634570799241207	-0.026172062377860912	-0.015982732141908446	-0.013778020534825823	0.0029675492092153975	-7.887446322940579e-05	0.03405473759297246	0.0
MMS921	0.24569495384427895	0.05384831132369516	0.15642396882462067	-0.26003922358223397	-0.08377935895460034	0.11312239573506833	0.06392351173017537	0.08484618236005352	-0.0816835867394619	-0.07833761441632242	0.07611433193569656	-0.01907302746271545	-0.06680356928966916	0.10704731106773684	-0.02218742434035537	0.04529603417354082	0.03168770702183769	0.05466159252068918	0.002756118707390758	0.048880513101886985	0.010438486560230815	-0.0035826898958023767	-0.06039294244422134	0.026650051161736132	0.05414943282662561	-0.04448197551000009	0.01904664673759892	-0.004648537196067165	-0.02415696028759334	-0.016188611278923445	-0.025088683153243356	0.03506618788702299	-0.011337178265778713	-0.004279451557649522	0.02203056622746534	-0.004437459169214822	-0.005347642366911314	-0.023568581925743598	-0.01834535274472364	-0.016528519373082595	0.00891335688182157	0.01387682995678358	0.010511283277150637	0.006387729438041596	-0.01402825445989801	0.008299567739689559	0.0002453345734517523	-0.00638633765763595	0.008476488015500447	0.008242308553353946	0.009130204899976147	-0.007727606858067915	0.0009269918557699033	0.0008203777263185219	0.0016111719743674585	0.009633031179870402	0.0073932544742203055	-0.006912775715573706	-0.011322789263543779	0.0017326083521354678	0.0
MMS942	-0.04004742255948143	0.00655084684603659	-0.1155947572161141	-0.008445189685148633	-0.004088430581427128	-0.001102020254174947	-0.08458659703724858	0.02821740387942476	-0.04661381656873993	0.0007122676607568354	0.003804302558733141	-0.004267045517022549	0.021461710740531357	0.03212499250027145	0.03984632059431839	0.017678935739103657	0.05755551065165927	-0.013852170412849345	0.030879594322832972	0.0006116417328268627	-0.023532865271249724	-0.030997129385165516	-0.009667573860037824	-0.04708992224076695	0.04197846587306677	-0.03346103875563688	-0.02685875087744425	-0.053750657995039766	0.03749918913871721	0.09663433983979529	-0.02092737870896665	0.07994641508510304	0.02221110498698543	0.016561861953448737	0.05133951218761343	-0.009652165148536429	-0.035941993957181964	0.03571289967874541	0.007226778774058051	0.043380629214157036	-0.009559109290468423	0.004939872604389175	-0.016580835721717944	-0.03785804748905484	0.0696593274235307	-0.043384096883119595	0.019269614602120778	0.009149617292084281	0.015752041833835148	0.03862218415328817	-0.0017143778980423427	-0.010343969744756909	0.027523912154796097	0.0034872313143724126	-0.009609749497860592	-0.014559942970242564	-0.014119085297312652	-0.008259345006600673	0.0021386913383967	0.01141937580431377	0.0
MMS943	-0.15406094597283404	-0.041609753868408435	-0.05964601640938093	-0.10570684055320737	-0.09319161224767056	-0.028387081741326935	0.08368842419416304	0.06565221337627183	0.04827765218617649	-0.058990452386080826	-0.06026610413458921	0.07887105436295222	0.11240611239100931	-0.0403570455116142	-0.06022670048720756	0.010404872900837843	-0.10195204749212887	0.06636610207471061	0.04718232570203248	0.01815149660530563	-0.009294591413551961	-0.0382482010867482	0.0075611346012835826	-0.005579660883489208	0.002760456154816809	-0.012111468272215759	0.06294639880975221	-0.006371427239840267	-0.018989278364308356	-0.007891594728338103	0.004641952640732651	-0.010662615198457142	0.04182526878291727	0.04764487903574598	-0.015441823669570554	0.013770813758594323	-0.02347875102027061	-0.022296159685725143	0.019658677899448466	0.007747489379001218	0.012961125318321392	0.024421678641799765	0.012559562831091489	-0.013199301914478313	-0.010354573686166263	0.02075663918403018	0.0044038485090882274	0.005305205028542533	-0.00023245745985545763	0.03677245235994816	-0.003023467940387142	-0.010547941096343577	0.0269270363124827	-0.010419918200152247	0.016963977971275135	0.020951186557084476	-0.030445087720008257	0.006170559747070061	0.04177251849794174	0.020131094095421357	0.0
MMS908	0.041389198155560275	0.10469829027349051	-0.009338116687282998	0.07146353478946432	-0.04550092672559904	0.027235310594695836	-0.04797384740593917	0.06131438305118415	0.08259207675667697	-0.008982832418919619	0.03544173457172475	0.008449817111671693	-0.02350448542457893	-0.01089729487280853	0.01581031628766783	0.0030648037788363895	0.022743628644242894	-0.015879646688604487	0.07003778261675069	-0.03865653370614286	-0.0646943792145068	-0.007191317357475621	0.004838927951358941	0.016059444075725734	0.0002818810841097231	0.11427787977772018	0.04472957580519685	-0.003919349405870137	-0.02399663347638656	-0.004792211442039109	0.060119182167353756	0.012465475270064504	-0.0020357793941269122	-0.018061079251798867	0.0492548643836866	0.03419367039159173	-0.06554617487103065	0.034006267876806606	0.005415943639628688	-0.06572027398753041	0.006851199927381145	0.012369655324897923	-0.006037137542882871	0.018531563724293047	0.0039004060411141172	0.021255478685597854	-0.02494600714446651	-0.006407689925319303	0.0008861892456063403	0.04326108513588602	0.053284776185984796	-0.023589159367198423	-0.01263731755303485	0.011756871788679596	0.011893888448189652	0.007685064037277821	0.0006831841409030449	-0.0007977781444817533	-0.017145000194541654	-0.018322443420652843	0.0
MMS909	-0.18883728651095372	0.01305146922249945	-0.023025575498280455	-0.050392494765752825	0.01963810421078365	-0.08875743856118078	0.10370093641605127	0.02157489946505509	-0.02901177977110953	0.011163930154468172	0.052999317155416246	-0.0477779752764479	-0.06199280400329366	0.022229162685336066	-0.009092568974793415	-0.04921502976307323	0.06842524500033954	0.009317411925398545	-0.0296424056435275	-0.0566681287447786	-0.017573197454273787	0.005610550738132992	-0.01541359502546955	-0.04473230785363655	-0.07415616165057885	0.027404655018171527	-0.0183260409171751	0.010696429869877925	-0.027204560836677223	-0.022784739334446424	0.017620189444599706	0.0014214997457490579	-0.07152244679078133	-0.002062351029706332	-0.025805999437786668	-0.034044482241357255	0.03800196649790795	0.0014851020924937697	0.03252599673266795	0.03431415865271654	0.05358535883270676	-0.013769263569524301	0.011656888843513473	-0.013046150313525878	-0.005309300491947157	-0.007984863834772685	0.015280332092390306	-0.01960879868201424	-0.004311469741183245	0.03463585163967852	0.030239039324758896	-0.025288352692125957	0.020167282760512398	0.032445784715967735	0.027444382975316792	0.012032670002658426	-0.008245054342264534	-0.038262171964364745	0.00692340712219876	0.031630993288644105	0.0
MMS928	0.03697637475490012	0.028828818576638708	-0.07390014290505113	0.042747196262495464	-0.045541371782094026	-0.024682826442491243	-0.03403233496744368	0.008520761851157532	0.08894118447479359	0.06186635754514442	0.0619349182576511	-0.012335708935456274	-0.05019041621681797	-0.0008100033323045601	-0.06059204132903657	0.07575716402190436	-0.004047549421487015	0.06960100603359658	-0.04619160536440869	0.003690094505325537	0.0012459472876350764	-0.03264930795230917	-0.007979889846212928	0.041599783602409	-0.02430371009928108	-0.024106514850384283	-0.02473098651935624	-0.02565637986095809	-0.0032637841905563923	0.021184058508617085	0.014447419080775566	-0.025306927215328907	0.03935625638134429	-0.001978664987769748	0.003292335460377233	-0.02060287174490101	0.018476748123856378	0.06358024022858026	-0.013549428623089568	-0.05033524413732269	-0.0001628805711597061	0.02101006364012984	-0.0337624087824141	-0.044402933809962505	-0.03325974451037646	0.03297443941746572	0.05933444295516255	0.020304799637016365	0.021691582949237887	-0.034459380494197105	-0.005945618724745696	-0.018498135552765107	0.0009466251528616872	0.0024748319365330133	0.033372374390307956	-0.04597874755471381	0.012857891958538816	-0.02011179920136314	0.015132288093640643	0.014116704272798672	0.0
MMS929	0.01646163352975884	0.11824014076587097	-0.10087110182398146	0.08019036026147024	-0.015469311024337361	-0.05738433759430364	0.021656652190296957	0.038907807932689956	0.06137267792104799	0.01718450266055026	-0.05676350627439473	0.06272754577626438	-0.011567655265656772	0.02850977350431718	-0.06474069599303392	0.04476440912023211	-0.009576162194235786	0.030944974813920355	0.011213761287088309	-0.04597499848356184	0.05749244218343886	0.003907456564300895	-0.05695051330143503	-0.05483954387440939	-0.05332131336762787	-0.06889241509797839	0.021916319734323102	-0.015367252431734214	0.03182397928505027	-0.046456292702018585	-0.041426362481021606	0.03573911141059946	-0.024560077989697594	-0.03428840970011793	0.0022019570572246083	-0.007344443994010546	0.007440421540746365	0.04990293162625137	-0.011027164698170486	0.02362569099489077	0.012864154365255896	0.010184464975989583	-0.015878851230302457	0.029429984909406286	-0.020997231421350734	0.0092366308387865	-0.04622651321741132	0.03657249008020348	0.008719669028936916	0.0009602140253412455	0.018081283096503562	0.02441326880050737	0.02233470492164204	-0.03376029940390193	-0.01222368927755359	0.016686319674313173	-0.013132210632965827	-0.012331041367714877	-0.04263893564533526	-0.023210961713796892	0.0
MMS900	0.033501018175901766	-0.021994429836427448	-0.014895344431554531	0.01610709927315652	0.19146414794528227	-0.0744743634779038	-0.07644357416750185	0.028733736165513633	0.02962076048870143	-0.06242800739002748	0.04643070177736584	-0.10195446535918136	0.04375815476168733	0.06672025169737743	0.023289991454478375	-0.026110737079519025	0.025906275606513176	0.018240125790461637	0.07672282420215361	0.07923089104381056	-0.011020160161459104	-0.0028402876645141047	0.03772284450532453	-0.04701611436114851	-0.0625415129252115	-0.013077800696881506	0.07650500463856238	-0.005851119257683573	-0.012284479983694066	-0.03044723557225833	-0.018619311340508257	0.034319985641814925	0.01534740888015672	0.03298168174714539	-0.010486829682633782	-0.010569920344927333	0.06705989567048	-0.0047158250918194556	0.02588942501676633	-0.038320954889823726	-0.03171037656180707	-0.008958666781334309	-0.024778412825360804	0.006155085159195917	-0.01060470193804429	-0.001201059257307798	0.02896684799868566	-0.005044464373445701	0.013646541877129919	-0.010862983390056228	0.0005009773006884195	-0.02979438604086595	0.005785724961775783	-0.00946916883725169	-0.014870398174222326	0.01245737160801114	-0.003757640410180106	0.017936712209362028	0.006221399784678942	-0.027967851546377907	0.0
MMS901	-0.11637720321569699	0.001205328825884686	0.04106998749971813	-0.04602088546421943	0.09272118835557991	0.048801737570282805	-0.10924779656723888	0.004585538522135103	0.022532230557049837	-0.023989066407129462	-0.030383012665350873	0.0527628789261778	-0.06877611047927472	0.05242120321641221	-0.022657221957403335	0.020160782365212737	-0.043332292425728995	-0.01712823124280362	-0.06938353381813983	-0.06752786858520769	0.029535927581344306	0.027733982175522778	0.049018812442983506	0.007830947697749049	-0.004713089350030099	-0.054301362168547494	0.026519528446030356	0.03475300231342741	-0.0338364983261765	0.014656955464657128	0.08091234597132195	0.04906500782207585	0.03050191833201947	0.012639350967133927	-0.045814616801369334	0.02475767525508639	-0.009381847434358683	-0.008946385876497109	-0.014988158452203608	0.01389329070785994	-0.0014351942086571212	-0.032855349358131176	0.009401812234212638	-0.041448740834126904	0.03791169008805239	0.029177132915583638	0.01150223500892579	-0.04155712638789839	0.025883151576129453	0.0016993511713561727	-0.014186488988048418	0.013719171573947177	-0.006271263754358958	0.006600670602488994	0.03426062063657366	0.023810343155839367	-0.009206918773015002	-0.0035386643120015296	-0.02079118837823813	-0.03151297519862614	0.0
MMS902	-0.16823294478435655	0.12037334264436973	0.07768486768918953	-0.00976386895153053	0.01885980335876751	0.05387215545460458	-0.08177310736297094	-0.008967102672099079	-0.0069057187043037056	0.012876489325372133	-0.04284374692357144	0.02598079646164187	-0.051965071822460525	-0.07157179067047575	-0.057189920957164374	-0.01030688691201921	0.0341284443907358	-0.07347398131205861	0.13746367776651539	0.02539097969148094	-0.001250489717375053	-0.047020834363377007	-0.1008692491006358	0.00013067302385893462	0.031144444447610747	-0.01091402780823367	0.006405746261553069	0.047236017012441865	0.014307195038528016	0.02582591692806466	-0.026825954681155964	-0.021882193231175212	0.001189587422989731	0.014646636709877545	-0.026029123678281953	0.02127708285804231	0.019704268873756328	0.031019072809448378	-0.018510204486930883	-0.012059314070457045	0.0030009925017742273	-0.052910740019312355	-0.013884959353574757	-0.012298644513018363	-0.04947269225125079	-0.01819459692888152	-0.017852197650882504	-0.03679610101198705	0.02097861079239888	-0.009105677803874326	-0.027179228693125536	0.002895917261994787	0.017114391081819204	0.02629847976852652	0.006159181529571494	0.009623682358238718	0.01436076378545769	-0.0034212409188882783	0.00744790821269411	0.010577219245888338	0.0
MMS903	-0.05016662287925829	0.12119159944997547	-0.004235629941776798	-0.015709430784849574	0.1008399901489097	-0.03625255590473489	0.05703684714428447	-0.072447684431361	-0.01274594507226015	-0.07015044020249106	0.01592959666509987	-0.0057965933073291075	-0.07631214076192136	0.02821090076066042	-0.01354066461382657	-0.044100402631372444	-0.12265656394399689	0.01698141759742625	0.06783720115939415	-0.051656479602110485	0.11156821257705088	0.06859482296060403	-0.007218260653386981	-0.06001866611033014	0.026076940883596775	0.06415292386272982	-0.02378726643690306	-0.0037732314558667226	-0.0004696524524762066	0.02754009925887548	-0.037561871323815284	-0.00330827634917286	0.010105772475539333	0.012216537903762306	-0.007637889977556782	-0.021702261602720898	-0.02956188489029779	0.007584605897298543	-0.03363943542480867	-0.029644516200477724	-0.03960151795234786	0.011320226783255038	0.026116650203386948	-0.030303390176439005	-0.007720857054207863	-0.0132388562847389	0.035916961216356534	0.005968762802404231	-0.03599603334756557	0.01331153669807235	0.009961414722828528	0.0001160567733763142	-0.02201724510528376	-0.015977073531155874	-0.013244972897950071	-0.01229099175164826	0.009398744173996627	-0.006367020416443542	-0.00612884900061207	0.014189272569662077	0.0
MMS904	-0.02687097874643903	0.12272937258798775	-0.010665839009684281	0.03575739512184432	0.07393437900960473	0.019382903352792406	-0.001708332708434664	0.010594965808910941	-0.03293252343060902	-0.09646383855431033	0.02980977383380818	-0.03304096237350951	-0.01640995463379897	-0.019511517065419197	0.013644806228299089	-0.006486197031288018	-0.07253984285982808	0.014420938348033579	0.04894635116829122	0.002414841157632347	-0.05238307474724333	0.008911566699023814	0.055200482554359186	0.12116337088063246	-0.06665397716821278	0.008788324705003974	-0.0609600914294504	-0.0006807593340940737	0.0020392768968957053	0.033593124145952835	-0.08229121192100958	0.01795087668474278	-0.04439427140474567	-0.038139462939755446	0.03953144795602698	0.02514474357507158	-0.017398883415038122	-0.0053218097412858585	0.04173003437725583	0.04450193272331041	0.008639547366035233	0.010998334407839178	0.01309602062472787	-0.019431791717478934	-0.01913492204746216	0.048853805148325935	-0.0057571152344089134	0.0023023809650165126	0.022403353592397007	-0.012004427614677356	-0.03101532744207092	0.017180999599526625	0.0067879184325356865	0.01221619195973328	0.00678322571325311	0.004755649903201145	-0.016211286814238418	0.0036437223139336424	-0.007742251994793213	-0.004787316180085622	0.0
MMS905	-0.014230724749069779	0.2298129568568361	0.16235618788534198	0.027417864153218768	0.11125423676542745	0.08019877980212137	0.11753330446502251	-0.0747887957509115	0.08021561791329204	-0.07213411037880366	0.1217099402832606	-0.02531177568930187	0.08167964034091159	-0.1321292461364715	-0.007030058769606437	-0.0015081678196710393	0.058898440290376775	0.03264929704569677	-0.0347881834435381	0.021478670970108592	0.015117427490708206	0.0069961557295499955	0.018193943216212878	-0.0008686070555428177	0.004767961882755296	-0.04174219314370756	0.026018435594378084	0.00529164753294459	0.06342273599710829	-0.02338412618401064	0.02138737728443367	0.0023974219917395384	-0.004615088955820024	-0.005361574872273545	-0.034027379277633885	-0.024132616189650704	-0.05406710070312746	0.03265551371327759	-0.007750871904435906	0.018092822858544213	0.005114964595451872	0.02510257130177691	-0.016127222423485674	-0.000413322857736087	0.025825290518579534	-0.027445099732535602	0.006987939472059174	-0.011469471913055718	0.005085336137043846	0.0017221815125616914	0.0036983656001592976	0.02131603970395792	-0.006948838558223572	0.004935223833871284	0.007377519156349832	0.005469750314682298	0.00967424733956556	0.0024945026208490107	0.008284546291144482	-0.006224048481167482	0.0
MMS906	0.05710800647125481	0.0380720796954121	-0.05424790286718817	0.04163102251432602	0.030000669940112048	-0.05497094599651218	-0.022509770405679315	0.10499758262897001	0.06434670764987435	0.04313835827101977	-0.03591056453491871	0.020733532264636773	-0.00851270521880865	-0.01830955252864318	-0.030997978244125687	-0.0190405676461779	0.03252945599352538	-0.009243546026749642	0.03314582331498443	-0.006088022573241965	0.06856868854758906	-0.024842188457763453	0.05146061351452977	0.07486886689444193	0.11069777481698578	0.050253862261397136	-0.030229010891990378	0.004469940496837358	-0.0241673960437224	-0.07738606607186185	-0.0020101835683712967	0.07008373261246369	-0.03416490322901159	0.004682186801987923	-0.01632396430176108	0.010863468817934738	0.03266624954627659	-0.012684646851075364	0.004721263463174641	0.04003903365082405	0.047205058233963385	0.025195870669534923	0.006233792114200312	-0.020094057450515953	0.007397155229693956	-0.02051105020831626	0.02543375739319528	-0.005931689905864673	0.014474072939874783	-0.010145065178006115	0.015600539807423297	0.007333535273059742	0.0011249941154231834	-0.029523163414797375	-0.013388908580719132	-0.004095492043337255	0.03920656612584248	0.011099936909127322	0.023952032612270982	-0.004750937332855325	0.0
MMS907	0.07100388444836063	0.03670174280026526	-0.04062631664181468	0.005410924053436588	0.05530982548071383	-0.012643164740636427	-0.016418803636967707	0.01720790108114929	0.03995318522095654	-0.01988775421963419	0.0432928684512259	0.07725659532989954	0.013443392566049511	0.006222186800397619	-0.021654833065915556	0.07949609954808613	-0.0031201481782292674	-0.04556434647024995	-0.08120834381875358	0.07529250843512925	0.08351476186330924	-0.02107445829265325	-0.009200159973343456	0.00418976629025108	-0.023084987348297902	0.046153321817412274	-0.06555375457859434	-0.014433524696314768	0.051803036092298846	0.01955978979562856	0.0016642488518023581	-0.02544825080438929	-0.006261091223709167	-0.04450388314815702	0.03211437122828399	0.037245113413919353	0.027819950591073953	-0.029462999434105883	0.008227538675326333	-0.044218558248806925	-0.01166659347333005	-0.02968607741405539	0.003934244623281143	-0.006697645592848579	0.011961611690999352	-0.02207125159236743	-0.00685236197360092	-0.03155111328201768	0.005978784853795387	-0.002173824622179168	0.022046800250968987	-0.005759728241694029	-0.00298527382973478	-0.007251263522541406	-0.020866941230964345	0.05295703673170377	-0.04069515998559283	-0.021647562067852646	0.03203809585242137	0.007316239525865305	0.0
MMS919	0.057229090431506896	0.0178174772968658	0.047085557579803455	0.08491017837662838	0.05268508070807069	-0.0694631609099505	0.04883431264070385	0.029997936231242812	-0.05430490801041174	-0.017193413896959397	0.0353321277427637	0.07689093403658352	-0.030759831646076593	-0.02621676634435877	-0.02149919720967333	0.02676833683493746	0.018269330891545827	0.033505712278253226	0.007388967005454402	0.004045708368699945	0.00421994211233448	0.05311370699010074	0.054612964759736926	0.014457678392477318	0.013726618165845573	-0.035916059394230704	-0.04263943715087698	0.050371586824043406	-0.018798934943430507	0.03044398660586742	0.029420608265632368	-0.0332263785415453	0.004410815390390486	0.06852026549229115	0.04726848769235878	-0.01217715250360064	0.0011345406650927095	-0.025836866437592868	-0.041249087267307555	0.046038959230655666	-0.02687117677133381	-0.029258727462670355	-0.04190584951620358	-0.0010170930656128114	-0.0162388939613576	0.005247699052152488	-0.05215655419956608	0.009909551915047702	-0.01923005947050854	-0.01732245406889397	0.04670890050848708	-0.05578696764499276	0.03888989454170605	0.005454601439511329	-0.00039248050590130794	-0.012053619193445974	0.005166649280661727	0.02553800603930032	0.0036741828215414714	-0.0057240364176445405	0.0
MM943M	0.02117053015732059	-0.2290255183379172	-0.05815521135503218	0.019463527684335995	-0.035965010645126555	0.16297712382897553	0.09091332678049481	0.09397131154019092	0.022341618769279686	-0.06748377635518851	-0.05522874104510786	0.04264605289561348	-0.008939072295958646	-0.04744746890513905	0.052018092095085115	-0.05495193347314271	-0.026648393267227084	0.05410064755664959	0.018446196824581037	0.003076212851250978	-0.0064232942610348885	-0.05073724044108892	-0.009685463001295004	-0.03624680188232108	-0.04083099306222494	-0.0025633204973513485	-0.050079146248980584	-0.0031376868108503463	0.03930997953766961	-0.010347779930574752	0.05102383106574135	0.02669927216448048	-0.06745074855178017	0.024905196073308305	0.01674414272800308	-0.026480524558778865	0.0026950875411253716	-0.03331027062756687	0.01801806090173881	-0.05308138382451582	-0.007099373725571921	-0.029263273011584507	-0.025764464204033936	-0.052684899092691334	-0.010115147608479393	-0.03125412089950156	-0.004035157509166893	-0.004235397276978455	-0.0006525605240332504	-0.02189871310743304	-0.005088118281325066	0.025017251969058185	-0.0046025013214565985	-0.00457299907625045	0.0020299295532984255	-0.023226222387742676	0.008984098258643184	0.004378967175954046	-0.018330102823160176	-0.016434624151941434	0.0
MM941M	0.0026990861347104163	-0.2231070112188263	-0.009389386388688711	0.12089174909049791	-0.00017371995663069726	0.13241580133602052	0.15117747966187495	-0.017967602758078845	0.03984992260599426	0.13642375185516215	0.04771998696354578	0.025262661729962502	0.018379303328726566	0.023204196943673275	-0.03814499614371387	-0.05420578022795472	-0.005070248839951435	-0.030671967808927024	-0.05028480582602047	0.029923963514394778	0.052367142449675864	0.04809795593054621	-0.02667131114615584	0.05197083837491324	2.3764643161300176e-05	0.02810545576607314	0.05383201625522638	-0.014161949619179695	-0.010064489099643035	0.0715312384344006	-0.04730950544291188	0.046171331717120435	-0.006235143366951537	0.03196435133311624	0.006601398568209578	-0.014829700309691631	0.012712133729684974	0.01749271702562675	0.005269996576965038	0.008953706980195182	-0.01374402039279019	-0.018886599726165534	-0.013385463424321937	0.029942435282556065	-0.019302988220079788	0.0326278626909615	0.01694211980895681	-0.02682514177150502	0.005238352691392835	0.04523663307162856	-0.009150956130949395	0.005063327953539298	0.0078983618688347	0.01220435990360927	-0.008623009961889907	0.005066138950546708	0.008457480795594344	0.011666010125562712	-0.00019343572730144118	-0.01295633889708861	0.0
MM936M	0.0029878648537293288	-0.16208170132229216	-0.004323246551009125	0.10856602747952923	-0.030070908034584103	0.1349467337280969	0.07350071033450843	-0.005854506733264626	0.06050034883442236	-0.019888419959492067	-0.030880117914126665	-0.04986809810058249	-0.10530188101460254	0.043390756294677875	0.023168204231901367	-0.017596182764015478	0.035303118294603766	-0.031882990616895465	0.07020927111015891	-0.020726757118459435	0.011732130423231556	-0.008126878271419806	0.020060091415268433	0.03101048841265156	-0.025703956979772662	-0.04148678401044746	0.03377139263260272	-0.022217450772469817	0.013960282765334758	0.004880664048823673	0.015572490866931698	-0.04981848288465088	-0.00731402250221989	0.0012006849752932008	-0.026077074764120352	0.05322412864637477	-0.013651272802973688	-0.00828794304245192	-0.03425613803493837	0.03484109746033415	-0.013277674106528787	0.012184554727890063	0.004537002979555161	0.011248238894311573	0.03277248118674847	-0.014800792195408478	0.018154765184587297	0.06462604066156635	0.023504383251813442	-0.02999885256369247	0.010054791736413524	-0.027809848729314815	-0.026061385742170328	-0.011610444849834057	-0.004550114318820716	0.04109941864938361	-0.009599669928167432	-0.00829423024066837	0.01687906409715651	0.028507194907805587	0.0
MMS706	-0.07618333410767622	0.09391601437237856	-0.0006511615969148618	-0.008453773703928576	0.09329477783368244	-0.049592529839530566	0.013947921312143645	0.027153125879368578	0.09178559202560528	-0.06729662033107403	-0.12384131492271946	-0.04971776018489179	0.1254353048062778	0.07501232285116637	0.025500245724458748	-0.09288691052250828	0.05662054286442874	0.022896280663579252	-0.053155042468231065	-0.01840074719371683	0.006491425348410997	0.02779976676912226	-0.10348251643784234	0.08519733551628714	0.036801519536192706	-0.022970495664770114	-0.03142593579963246	0.032005958033874855	-0.04201152421027009	0.013913010487715387	0.030917900335371964	-0.027289883256512375	-0.01766317906415345	0.017329169604175267	0.03792260365316498	0.009485025440883506	0.008982024887075422	0.014415241140770077	-0.014793491220449106	-0.01461577525468148	-0.035325768798926564	-0.002856120470816505	-0.0013180678412829806	0.005829425200968257	0.008726374889716807	0.00820813575144119	-0.009905449528143423	0.01823298777822067	-0.009527168647100771	0.003539000782358904	-0.012230150054450377	0.001661514768995603	-0.016719829995222035	0.0011644942361955257	-0.003708262685367938	-0.010837958406342763	-0.01087304369588694	-0.028108416698419826	0.001513986378782898	0.0033392407930598017	0.0
MMS707	-0.16797353043599017	0.028184815364074262	0.06173887819803865	-0.012543339998615097	0.1408222848404864	0.07850208230701393	-0.028744903457316548	0.025301170567527974	0.052355934336876554	-0.002610785500856016	-0.07974488133771328	-0.005347357116064312	-0.08651091740457253	0.022159995535481265	0.06810428765872645	0.0026273236530600383	-0.07457155402425987	-0.04966074951980125	-0.10677327355513659	0.016241036154256504	-0.03139669227730475	-0.0003320334899013346	-0.02250597427535774	-0.01882356799738162	0.007250854756394693	-0.0183502162007371	0.008850532666130548	-0.012410593840320143	-0.025028926703614486	-0.004805718304757699	-0.021489677040073655	0.015337622713600063	0.016216480812939513	-0.012030555671506687	0.025845744092543463	-0.004677949144912042	-0.046182895899127524	0.00038384965723579385	0.033786546419648684	-0.019674625325289373	0.05577109541645707	0.02793754138859133	-0.024367264380127335	0.05401729784740689	-0.029507038166754644	-0.04152888580188052	0.005326624828848708	0.004123908753568549	-0.020606305023710816	-0.028366087567370475	0.008841710758008168	-0.01612694577912211	0.03901501139135376	-0.004972866021555452	0.0011042310429454625	-0.009165778990463901	0.00828157533616688	0.02926278798964391	0.017431993137257323	0.014962922988908731	0.0
MMS704	0.016488672373091883	-0.06333052679323432	-0.04961120378755576	-0.03142142513075868	0.03958844206652671	-0.006632508937615573	-0.03532401383584524	-0.04618432857558429	0.03582403314210362	-0.013166459634114096	-0.035598284465705586	-0.04036608178426608	-0.04786949259052846	-0.00011276645480530501	-0.021477473239669333	0.03515465002351558	-0.000649553718500751	0.11390922349194575	-0.021087721158854638	0.013178413209721237	-0.05389286594461367	-0.031768097647044594	0.029641424456219815	0.020484797660705416	0.03652751095299761	0.03698635804157449	0.014814005751354014	-0.028475337422108005	-0.008233420624416525	0.025109518789465466	-0.044039161230434436	-0.10375197885612347	-0.0032494527542335427	0.014456607414086569	-0.030170753759719993	0.025867551173199967	-0.00028737143055778655	-0.01532178180730465	-0.009481372735670998	0.013377458948435094	0.03094403713471437	-0.03503742666605274	-0.0442823728302527	0.009296995012327006	0.028035008689370883	-0.02214835748668885	0.015511878372848594	-0.008635289530116412	-0.03949018854923982	0.03256549497588155	-0.0028075104601759876	0.031497705171842014	0.02837884963169968	-0.0042290069778932625	-0.02349790905743215	0.016061474376378886	0.02613955659211441	-0.03191730806832427	-0.02231870524274165	-0.03067265437970175	0.0
MMS705	-0.03767031420730921	-0.06329137805814805	0.030408883683063402	0.0694585456636446	-0.057991265675302335	-0.02206189444698484	-0.07209321794489426	-0.0747136048776415	-0.05794275618517053	0.025844899694878024	-0.023854422711922008	0.010401865067620659	0.0005824708447531742	-0.025679627204618815	0.111633537305363	0.005829605643231833	-0.005203777584106302	0.10945158777574886	0.01814531772574045	0.027021211621111884	0.04716803815023153	0.02912836439626593	0.0072031083159569635	0.017742789643875607	0.012670024368340593	0.01126663110916903	0.029014691904106618	-0.030600457105182208	-0.05008837687203443	0.01286830918268561	0.0015311382883584313	0.0011302786621327206	-0.0489721592420204	-0.00790511887824924	-0.025073106500487847	-0.06312118647699237	-0.02708075278418905	0.03198589063730166	-0.034501909646995566	-0.032935550037857336	0.02175578463681623	-0.005702265368996275	0.05405576616566175	0.019750285339468522	0.022070112775503845	0.0026181787812523004	-0.037988895744941215	-0.029570173910139164	0.04653717720600967	-0.03818902663772251	-0.011885080872426679	-0.01520313791756163	0.028567686336928393	-0.0026939955172840327	-0.017264728108471402	0.0036744052640596625	-0.017257307056390957	-0.02037492527863687	0.022737628924940117	-0.004878491329229776	0.0
MMS702	0.12412657668457794	-0.1263150608326945	-0.051600623314055134	-0.10063072763010728	0.07334988148293678	-0.03632675805718131	0.007519165144800444	0.019030347007230403	-0.021386842259483452	0.0601747404794372	-0.011093581226828587	-0.020925974032606945	0.00910494070552462	-0.048266084990434104	0.01897368837619808	-0.05168231269868303	0.021320043752567967	-0.04402695926332729	-0.013997459910204948	0.028000224241357022	-0.0479808175181438	0.022491266928276125	-0.0027670446665982655	-0.021062293761613296	-0.00323417326968732	-0.012240502535740473	-0.022588184105601407	0.012892183342402462	0.049655916952774784	0.0025070034863411968	-0.012467132201363596	-0.023171933858325694	0.011281524057194058	0.02076235015825996	-0.006621644199315191	0.017988468162042515	-0.0556221507215263	0.014996456912976143	0.012173302620257103	0.011428563630866395	-0.0026397180119825765	-0.0007548029841587719	0.03404977535575208	-0.004021474244437298	-0.02351299681567218	0.03256028793092644	-0.00560147978879138	-0.04168969133544841	0.012398860418886866	-0.0071991878225917336	0.0007794744567006513	-0.036071880276264054	-0.003801551280780376	-0.10123330555612849	0.02346756007510643	0.00429977975116464	0.0217469542297534	-0.03690656774591303	-0.013884259797531117	0.0014800565501874737	0.0
MMS703	-0.216030412117842	-0.053489735676029215	-3.975627632586409e-05	-0.06314828783375953	-0.015671974889038848	-0.09705858489281902	0.08832118916551962	0.04396728215719939	-0.053879175929505474	0.018376295747930285	0.016473798487829185	-0.06662429434888005	-0.021171162265781165	-0.003840698557267255	0.03815301715129586	-0.005429032948030726	0.03476941556730367	-1.5133683737598434e-05	-0.05768257318092442	-0.020360660700614035	-0.023086387313778656	0.023840251856253783	-0.006168406102206426	-0.013100044532133351	0.0211212290066477	0.021062791446623534	0.005405501731228789	-0.03602542967473112	0.021100320292051875	0.005996513033831464	0.006379256531364089	-0.0034511114929720657	0.025828504871202487	-0.04714141076800098	-0.003872100449453934	0.01424401186956334	0.0070878504882503105	0.021628952017886796	-0.031646277798123644	-0.028453809205793237	0.0048551780237926015	0.004646732291507535	-0.014862453823880578	-0.08145584227164987	-0.017920193904232648	0.02562091373767497	-0.055782112176070923	0.03278598091488368	0.008644854133380543	0.009413300887031588	-0.030822183797250113	0.003512426475028381	-0.002272532340293303	-0.006004590128430412	-0.02900709528172322	0.04155061616614091	0.031103712245900375	0.04916349016665353	0.016163533853330452	-0.012200066011757235	0.0
MMS700	0.10148066554710333	-0.050078049103935374	0.03574318906868995	0.13243684303917191	0.05770327240190743	-0.09267007051590631	0.020501589965582948	0.0559067715760155	-0.07369915312585763	-0.022365046902930515	-0.009172150723691087	0.0671200835666562	0.015012690290891834	0.047696332026664054	-0.04250788719664491	-0.04910866925955957	-0.0149989618898263	-0.040737015112792895	-0.01172879735639668	-0.0015136956405849946	-0.05059574844976075	-0.035727922513151246	0.030352658885049896	-0.013866936749496487	0.03499653187483841	-0.04724370464403354	0.031748568740191795	0.04678480614082822	0.04968998121905567	0.05894242318419145	-0.02656160529451939	-0.02558592068930664	-0.03696956132679258	-0.01726529585265172	-0.04448868774942395	0.004880798935789615	0.013859961934581673	-0.018319337423991795	-0.04146675088869664	-0.05527217213965021	0.06839025594043893	0.0757420394116128	-0.002530955371083633	-0.007244773154518923	0.013176686641920895	0.006021820552158957	-0.005703591443348614	-0.017342609634923747	-2.901404775313073e-05	0.01081719527142494	-0.0035799365099216983	-0.009851151361476535	-0.027256999200750764	0.018274716970416473	-0.012352994209190633	-0.02495551815243403	-0.01889120777795837	-0.004180221716015275	-0.006418808301698449	0.00014141470276420027	0.0
MMS701	0.19283723673171163	-0.046799451091954346	-0.07087690707773693	-0.08376424643875258	0.08488256702570561	-0.015051693738409587	0.04671954307459774	-0.04904273036252356	-0.01642014048114501	0.004280899794738442	-0.06256353766960232	-0.038728226215920196	-0.05154823579373422	-0.07294317548599487	0.030791600539499125	0.06160142115340068	-0.045052909078966266	-0.05964198343355714	-0.003507827473988224	-0.004872433737690322	0.002851499698872841	0.007790189888205664	-0.020925559239024873	-0.033178226271908494	0.05205447039324938	-0.014203483335782445	0.09056147273773876	-0.0011430603951140162	0.021144941065489347	-0.028974135635574688	0.031582171356423466	-0.045144758041429395	-0.05646413206577303	0.005913896526582083	0.07016313893861835	0.005998528724179425	0.03891513320511684	0.04148092992474054	0.028022091668072627	0.029284120544174386	-0.012982368673340709	0.004266612336467579	0.014014137960694461	-0.022610054284929237	0.028335587066088012	0.05458585144799725	0.006632045111581566	-0.012120149435708404	-0.004645204145139403	-0.010395936428398108	0.013846803798071591	0.0241356779486631	0.0026000858465794674	0.029412468263708105	-0.013765407548922479	-0.023608067044327698	-0.012809183980421357	0.004293997936866262	0.01609205691494743	0.0007833286860103945	0.0
MMS708	0.06661823198545451	-0.1191851971070497	-0.050773412664320304	0.010082684797250697	0.07044262237326512	-0.030420486219300706	-0.05626240216356482	0.04093174262861014	0.11125658269107921	-0.012521349685033002	0.0006931073411282754	-0.03253037702620655	-0.021921475041445027	-0.0045843582363592214	-0.01296481869335359	0.015453982515433206	0.033203082790014646	0.003398289476795345	-0.015071666250664915	0.11906716853375082	0.009343922052988066	0.017025139420527823	0.029284399665183515	0.008319308874596434	0.027550673782808607	0.039952004838144185	0.036837584809220406	-0.012893907806630243	0.011976651438080719	0.008222503155687875	0.01704242966214064	0.016546410083481324	0.017848703263818103	-0.025881652209280542	-0.035309290592692874	-0.023143645518590935	-0.008492065530243863	-0.018387360792464683	-0.019712082575007	0.027337484391528902	-0.004878687977076185	-0.015829192323980376	0.0542153535194368	-0.021948046786934773	-0.03342008560845994	-0.014737718356378627	-0.0501880842687122	0.028658955125665655	-0.02760265643640226	0.007826858151909867	-0.011137236655969353	0.02070947875127447	0.004275293324051123	0.022304318746917295	0.03177252778895147	-0.023804680996241334	-0.025828627270839434	0.009527900581318078	-0.04343037833698271	0.045119727099390855	0.0
MMS709	0.19354385301489255	0.13086254552021256	0.2094211317379583	0.1766630084095735	-0.16446462646007387	-0.10682058352104565	0.0790490994268288	0.03134996691053195	0.016895993916022048	-0.039484527857659095	-0.14829521888086586	-0.07933895102082184	-0.0679105279876196	-0.01625612259136542	-0.009200358617475706	0.05105197782790691	0.01781027817049006	-0.014343676509888091	-0.01641517322831206	0.056934105015421614	-0.02656661581416132	0.02782302104489249	-0.008994476642687377	-0.05050965554047251	-0.023985473509693263	0.031680833081785584	-0.030955779592382805	0.03138619871410542	-0.015932442237622295	0.03898684123659291	0.02007148125113799	0.02350987104899212	0.029742498823852263	0.02326409438176469	-0.009924047010802727	-0.025428338938452526	0.00025809416343070885	-0.009368922527389401	0.033236066187811955	0.01079022651243298	-0.004268893745143037	0.002854668245216432	0.004501026385354714	0.000520269123562915	0.008023018112260341	0.007137186341623981	0.024869802331144174	-0.0091297185943491	0.005281458568254919	0.01159231275640772	-0.024300854344673325	0.022163400255798507	-0.0020208003858083437	-0.016069729235472754	0.000607569767359953	0.012965730657932517	-0.0031890912540429458	0.0021166602480874766	0.008745305718333358	-0.007340211339368318	0.0
MMS917	-0.08900060240665063	-0.2153500511960748	0.1984098256257351	0.02619932843433441	-0.10316373344197184	0.013067831656886252	-0.11272614058386245	-0.06144192958548817	0.06745977764145432	0.001152594721300353	0.02205979181562932	-0.09013711617973491	-0.0037127049693147173	0.02047215278274524	-0.07245965172057266	-0.02301552794573548	-0.041062829032901337	0.047355824076329836	-0.009429367390307931	-0.05090747412053713	-0.01040256990467842	0.015344538829376787	0.0008475201883313048	0.010493174648141805	-0.015455693887667168	-0.014504379731276785	-0.025787441984884498	-0.01888572422636696	0.06850958438740555	-0.0350033976762578	-0.00012414342633607523	0.013622636707448371	0.025260025179026157	0.03609402736318232	0.045378801158326335	0.037553976644965625	0.03909072797280711	0.0227206633627716	0.007694864730004297	0.019900700591230707	-0.002926423825019566	0.04598601574886769	0.03759046461885507	-0.009120032579107361	-0.011480309802961722	-0.0317928485383345	-0.04064865300359533	-0.05081761316133411	-0.020659902578276785	-0.00011117428824220673	0.014759478583464672	-0.006288514605347317	-0.00536904170346633	0.008937467348980379	-0.02371011172599423	-0.011030337956882953	-0.0066142309101490035	-0.0034497453216246247	0.004410118544274613	-0.0012728642602378695	0.0
MMS939	0.007291273760081913	0.05369982720924059	-0.05708261288785163	0.0008430802751721903	-0.07509793860012344	0.01375217389789266	-0.005087140503054191	0.03649891244380629	0.04544274681834345	-0.014400358491644328	0.047966603371440125	0.0065106826715780304	-0.022158664019832956	0.022926834010050506	0.05282138962637802	-0.045823868426165204	-0.009728978896502852	-0.0006077405372957012	-0.0001587076568016632	-0.0004917192848420052	-0.030967878325128203	0.0320892741505932	-0.021534419352355373	-0.005715158050455881	0.02111402323198264	-0.04324526931307634	-0.014880727165256262	0.014310944672615136	0.022505138444648458	-0.0034824392884016744	-0.015510076461329505	-0.03333907897028618	0.050949411068925476	-0.03834315917550559	-0.03677102889950514	-0.008981304698739376	-0.005671552590923659	-0.004252618469491926	0.022348435063547945	0.028687886786731436	0.032509828890576076	-0.08064504137097328	0.04744993608808984	0.00030680911105030297	-0.028891208300550107	-0.0054495852702232265	0.01266509845852061	0.017880269727733752	0.016454417685545758	0.021907461526901092	0.04477295493406333	0.005230891915229634	-0.031799240200346295	0.00220456231378967	-0.02457680880835259	-0.048667177994288706	-0.026251010432337248	0.012652289000959802	0.03574179130420477	-0.045395761109275165	0.0
MMS938	-0.09310843396756824	0.037516044076913814	-0.06386958901533842	-0.0009726076127379308	-0.021132267626856216	-0.009147868175410346	-0.027574420961623908	0.013624450389731552	-0.020795114730031462	0.04857136733352502	0.07408569007441752	0.02465690238048267	-0.0288858492575953	-0.0521782029978808	0.006923482982821618	0.005972968909301882	0.024677262756328998	-0.0077149104183573645	0.0005070503902637876	-0.009079085995170955	-0.0004293124647889317	0.08894648458853723	-0.011282720202764619	0.00032291757539985476	0.02727253315587684	0.0008552295033132645	0.032129495499806135	0.02309724103076367	-0.004096499219809822	-0.010108040729030167	-0.011033540784026432	0.01886979237163143	0.049564710601876165	0.07123289526273317	0.011305704827804988	-0.00655304181050094	-0.010577061626540662	-0.062168795668278286	0.07840885595468941	-0.025583733306504985	0.026644788504103765	0.020028049376310225	-0.02847163281419273	-0.007383187974924125	0.0021037921344291303	0.0036656818877619643	-0.026776812360436258	0.0374096553607719	0.008598791558323958	-0.03962588198132904	-0.0171419148676162	0.022069845837210597	-0.031764598583459404	0.017834926693813292	-0.0366601966017159	0.00767086212345324	-0.007853978801374464	-0.05786547235086554	-0.011452401724714834	0.008100945505036821	0.0
MMS916	0.01568769371542878	0.056849223461215515	0.012995917709893515	0.04142434950578823	-0.04969864572412286	-0.0022196552662665163	-0.04865988336407644	-0.02173448771448919	-0.02939847883060803	0.045647212713571826	0.0015023800502717564	0.029540994338463127	0.04437290597632617	-0.0163974014388435	0.059983375253894085	0.018253348192087137	-0.04516766165451956	-0.036876009095377096	-0.03544711417799922	0.04060113885472772	-0.00726247667119763	-0.034177817805395805	-0.051388892989630945	0.008259502987254018	-0.0225343872318869	-0.01722167535994752	0.02728711984438129	-0.03063448332189008	-0.08811697289714127	0.022494545851495743	-0.037666056250798316	-0.035157172440312356	-0.02322346080432412	0.006651819261910304	-0.029972184574414227	-0.004314384792868674	0.008995379722615	-0.011771672055815348	0.023912075952798602	0.039378436731753105	-0.0499407382414365	0.058293820645981896	0.005799858355200815	-0.06556206614698612	-0.01965858634301965	-0.049421628844492964	-0.012617069612077344	-0.005162251841058793	0.0023290575262250334	-0.002943697184807334	0.057587527542368275	-0.0023499587820811673	-0.03712083521748138	0.007849158001786654	0.02443813780858396	0.017286770760074305	0.023230727683525725	-0.0006565768958512405	-0.014439515140409268	-0.020984553298537465	0.0
MMS931	-0.05133957076502147	0.05325247597539912	-0.11705105477925662	0.0559857437973357	-0.013412600673850288	0.06142943878526452	-0.006363180601830925	-0.03752331098140283	-0.09998469804746286	-0.021968596626089163	-0.015470597062803659	-0.055861904988153174	0.04006947649125914	0.02883161380083296	-0.06944193687149035	-0.044672910331857656	-0.018417508530589564	0.0030457495392468446	-0.024929592025215382	0.02617201967417735	-0.030887224801942764	-0.04017885175704103	-0.002882756397781862	0.0002774659225444874	-0.008571995111148117	0.0012651333031218834	-0.013287877046925972	0.028016497710290345	0.002459494433573157	0.0007217925835557946	0.04605685936291149	0.0032399297304285045	0.04362883275479637	-0.024482235343907078	-0.026082936827163086	-0.010891346751529592	-0.01271351270598139	-0.018372435247219362	0.001943196192190046	-0.003734231549133558	-0.03017080039248238	0.0048340245616983945	0.019041908426132063	0.011636181187712289	0.0032934911452571778	0.03595596370131681	0.012728489075569602	-0.01616129229834023	0.03740616177623719	-0.023628719031568473	0.06975815582793898	0.03889933922481273	0.0405446977959944	0.008817063462309416	-0.054516109022535446	0.0033003863580420424	0.03336200485502235	0.005796638015919745	-0.017902998565258565	0.03746911674883134	0.0
MMS915	-0.08774559643394682	-0.04430410942230592	0.003334924875698502	0.07785602586048071	0.016032367517390924	-0.025749590536302654	-0.07466577399913012	-0.07971350623042162	-0.13456200680521543	-0.025781731580655415	0.0075818215628657695	0.04298642790090097	0.017799512031554603	0.020442196086037593	0.058558763867959024	0.056453588852214666	0.055042010407731295	0.07968715009289754	-0.032483559274694686	0.024839581588887095	0.05959341465987905	-0.06331930041027821	-0.04226551576366487	-0.01519272050186611	-0.027994384706206073	0.030152275579976143	0.027810306330284786	0.042649538819372335	0.029639657654489105	-0.0013581421868044835	0.041058929747966676	0.027168444033879587	-0.025299372957675214	0.02457988731137267	0.00854659830990305	0.07424342371948468	-0.036643293926036054	0.002161011864699863	0.007468509647702465	0.04099013564835959	0.023762631576141377	-0.0017675225240197671	0.009141981935476377	0.014002597509755414	-0.05709915556820337	0.022654215289971052	0.039442477391806834	0.018605572881411896	-0.02946653980836345	0.010932948920446543	-0.016418404186055387	-0.0033717887604369904	-0.03735430942587262	-0.0036107255571477532	-0.013203498032006773	-0.009594574615385603	0.009319733048299467	0.01370632263347583	0.0008915664953805746	0.003547279763518865	0.0
MMS932	-0.018574448175380696	0.07355776499959009	-0.1118448369870685	0.0350061630446669	-0.0432602766977121	0.04723163671829993	-0.07247322755400526	-0.011079345993611827	-0.0014139981701769503	0.008738824621528038	0.014980919903535358	-0.030254696612931526	0.04653250955704385	0.03452953436283607	-0.0567121795514466	-0.03127762785714432	0.008793725011223436	0.03771208393386752	0.017079542417304326	-0.011614415303246082	-0.03738678594524473	0.02624974809104254	-0.007416593538699277	-0.05627032984794387	0.04925052077743786	0.0019447155435477492	-0.009070411270904164	-0.0420308730339267	0.008364242713618212	0.03672924480949173	2.3669026474615685e-05	-0.011337268336434857	-0.019007563681754214	0.00319527125031047	0.04425340678942767	-0.055964632971140314	0.00844947139595179	-0.013869778738483596	-0.017045180461482623	0.02260247673128842	0.043690978698371664	-0.018041099144186525	-0.014537478677960514	0.02415416510251313	-0.004474772902916523	0.0249062024289163	0.008347341727013069	-0.02745030679874378	-0.03217232701777201	-0.055216300173251125	0.008688707949286643	0.023647628598054325	-0.05633735826613942	-0.008794599009592105	0.046957804869531425	0.04839856999611315	-0.006161746998777662	0.03574960379174537	0.010581714634616775	0.0072056486938132484	0.0
MMS918	0.04292436539111818	-0.2797138521608457	0.147516871635407	0.1791043119606684	0.10418157292511007	-0.0943481820923191	0.017588562386468665	-0.011899361832205087	-0.06909334634906558	-0.013712814988494122	0.0704448884722133	0.0756301400919729	0.0317319703238649	0.02568162382725379	-0.04297531611004774	0.026371524018628797	-0.0257775519551384	-0.0012751711754641363	0.032305231892976426	-0.024613255340139983	-0.06474832015622063	0.014734636796042897	-0.08369573593561107	0.0006363276132232548	0.032804922876799245	-0.00770257954890594	-0.010377378839893186	-0.030688025741651796	-0.03589367954465526	-0.08815957676700865	-0.006836551102247173	-0.004637692104595185	0.024616037765196327	-0.05443938946478216	0.0200785729972861	-0.008800118557739971	-0.031943718087797335	-0.010592228583051581	0.02084691152084218	-0.0026796051017793083	-0.015772062413164256	-0.03988444791016877	0.0028350512413035257	-0.010569450859767076	0.03237951317329332	-0.008039595032630466	0.02214473148843617	0.010230633156697495	0.0005870107076781097	-0.002273513038703252	-0.014880660112053959	0.015795646269640397	0.009746485416448387	-0.001389375192339264	0.023116579344088114	0.00409387062848387	0.008040579938684336	-0.004372644933050575	0.0037849059849686855	0.010319482913146098	0.0
MMS914	0.007009485958856127	0.03199218079773013	0.012849633183462175	-0.058149214790408445	-0.07181718261863425	-0.013023145377616268	-0.011303487899470577	-0.21283515965810865	-0.00485120262968083	-0.010502051978096396	-0.06758066562919593	0.11001878339390884	0.0134985824495321	0.09430978739303693	0.0561772739571952	0.024667124626795833	0.059176856158443585	-0.04595966837091672	0.05059930996015948	0.002414653304067259	-0.03264029428627985	0.08656132544848776	0.05751572458876217	0.07581259326260908	-0.016997726432656655	-0.026271870418837252	0.012148935102851033	-0.017618041167238682	0.05450349459645082	-0.01909574332558626	0.01783532249088187	-0.0019040504476686053	-0.012105416179016878	9.494545588420553e-05	-0.00794209136531505	-0.02974482297476525	0.01930340578528589	0.005783475593811251	0.02557709825637751	-0.03626356803633467	0.005004955679236404	0.00335541255696922	-0.022902742336499454	-0.021143701446537235	-0.027488332488052353	-0.01290086107279438	0.012147410995526702	-0.0020312319549179694	-0.017996500034519972	0.02589365489242101	0.018526848379601935	0.02979043334382146	0.016327542389019855	-0.021092228976086192	0.011554852716267373	0.0023484923656968445	0.009612213978796753	0.009680518909292954	0.0050904023157469355	0.01851811209953112	0.0
MM9362CU	0.038949310564390986	0.07274675137209108	-0.14612186480622028	0.04167529370429395	-0.02341175643023504	0.06471031284493514	0.061005381219537934	-0.17201668125105174	-0.15357795513023137	0.023266737164953862	-0.04170465240051209	-0.10947327188234489	-0.008041739050320048	-0.015468421792991982	-0.10939773200468288	-0.027881896038206656	-0.03890905209368865	-0.010631330159114903	-0.012985374146467474	0.04320369335171541	0.013569953709447604	-0.020654319689846153	0.020149262653159347	0.027185359473720364	0.03543310981433318	-0.011718648857853498	-0.003991100907319859	0.005885845591367811	-0.023690959991568696	-0.03652105176197319	0.033404090518177505	0.03522068657554523	0.005205868901506965	-0.030752956782173317	-0.003910378881413885	0.015737699382879312	-0.0014185127848474219	0.005701380464098127	0.0239095304842326	-0.023525067762509226	0.00743868002829312	-0.013398290092855791	-0.020754079221264928	-0.0030107098859385732	0.0020189896998392114	-0.04060028522897804	-0.03414841508794023	0.02110374462332676	-0.01654552580527334	0.013129473303218418	-0.017418853708386788	-0.04108839079430341	-0.005564773820314087	-0.008984409417147931	0.028861610480414017	-0.009940074238733386	-0.028071963471941734	-0.011299782473861467	0.005909436927240956	-0.02630201248203857	0.0
MMS913	0.04295659539265589	0.1143932853107256	0.02770256686923506	0.024636915272903445	-0.031154738379321586	-0.007198142390642208	0.06103446066515997	-0.05751014343824647	0.013180174041906502	-0.037131416288788605	0.03879979986684567	0.032279588242740916	0.03670194862583163	0.05541171756494831	0.08325840768825542	-0.05149220689598333	-0.05435396170050786	-0.05020477364559903	0.020367961349015917	0.0022149038550871598	0.04701350784697557	-0.05798933886134654	-0.013264829070574628	-0.013189485269067795	0.005887977067432346	0.04493708101204349	0.0036283148776311523	-0.06463844416748805	0.038139238770982686	-0.0004562862912821403	0.05969231163407799	-0.040116458259975014	0.06871533129791867	-0.006562929743444454	0.03507982116467506	-0.015316656232774567	0.050852255078699844	-0.03561543845427755	-0.011309462837023478	0.04696137666428768	0.04609806931184072	0.013665046465981049	1.0031099107518466e-05	0.01748062049074297	-0.005478403136898424	0.009045204929093248	-0.011436722659345014	-0.00010292552488752584	0.03045483580874521	-0.00791430788850744	-0.038495008750060844	-0.021392873885065288	0.024110110735282245	0.011061373364533389	0.019240002912547814	-0.008645575346940087	0.028050695853374844	-0.022440073967042895	-0.025540099098491458	-0.01680702452631619	0.0
MMS890	0.021469275964802345	0.13326013711127396	-0.09946021784668839	0.05224905383341975	-0.06358073098536604	0.03402801692190522	-0.02905150845020163	0.01804598188341094	0.032783314471608184	0.03774188863485873	0.033908373969648534	0.019463434530489303	0.005175066916013976	-0.03958743476743378	-0.022849360544189845	0.003665406743769325	0.03485860033221853	-0.006290753641565912	-0.008647363641806557	-0.023142251702496914	0.005013270476941518	0.022224746457719685	-0.0067741865997146015	0.006878301194457352	0.004025661029659441	-0.062185770827900014	-0.014520040571472733	0.000637314824388126	-0.01955324934600351	-0.023916997755947387	0.012232268968277867	-0.05926459456007712	-0.02133249677290903	0.009194829646820108	0.022350705339978634	-0.009305039755002853	-0.001041523932635253	-0.017168109386086386	0.034645649928773295	-0.03181306319821256	0.0015602275296691297	0.006210573955332695	0.08124651754891875	-0.009394978005416494	0.011062886061477189	-0.015954059274714306	0.04918095772568035	-0.006532075930699121	-0.022608799579017177	0.017035167036952268	-0.05126072679275377	-0.04737158907920256	0.024899549705234385	0.005829520069617106	-0.0312680428899165	0.021596672260848833	0.002678337475550314	0.04737125152085605	-0.04354092059780938	0.0007759235346120035	0.0
MMS891	0.0030242736907809516	0.06421803759111559	-0.07106557668544675	0.012368594627849158	-0.048107808880144994	0.018917859592727803	-0.025526224289659515	-0.0007987266602784786	-0.009915621701885919	-0.029115255607783903	0.0958528732702189	0.008229777262483317	-0.002208303089949662	-0.014867467829425435	0.0648045297590075	0.026516168243314656	-0.09235344170114863	-0.03140883826122587	-0.02275679023252529	0.04739741016896772	-0.07157570677713343	0.034946809635542746	-0.06076179866063138	0.004909549589984308	0.005962009353696843	0.014475373279427876	-0.06806687824551742	-0.00856349180395343	0.004926371293557759	-0.03282966109423155	0.011190644406307244	0.0305836309305889	-0.029546060659758247	0.08194038335281632	-0.07645560850645004	0.04148464259250605	0.05891006767950023	0.044295275966053316	-0.033167209680718804	-0.01088156916198744	0.0045607852602842485	-0.003873176973739584	-0.0029373778928293596	0.03706894934152024	0.05054682097574192	0.018720958113826756	-0.014675256074137125	0.022470491594961558	-0.012902328269537482	0.014968594429096363	-0.005444623894217073	0.006463802424049097	0.0005179640861820293	-0.012717617491215177	0.00817263904080813	-0.0011204420363823745	0.0005251526704378852	0.01661179685337722	-0.004198834091512108	0.015111500394347877	0.0
MMS924	0.13226062112888126	-0.10591205163321786	-0.05958655899833025	-0.10084945762724186	0.043834379421899564	-0.08919521289408198	-0.037173900229866066	-0.00745461382411454	-0.020534742384219175	0.0767169976168401	-0.04498653812414942	-0.00818309228717859	-0.010317285220920507	-0.04822579175477252	0.01788719619539166	-0.024247043907571108	-0.026733659575226665	0.02109895994441871	-0.0013251317280632035	-0.011247132751512512	-0.0276737844189251	0.021761412900789246	0.0002698269066131317	0.0026571961519073796	0.015413080259338036	-0.0018753849070883885	-0.05745786953682879	0.020206295730031288	0.06359397783575908	-0.018031076515651043	0.014545543880781147	0.017093336680431614	0.0018366937207246056	0.010986113076978311	4.465294479635373e-05	-0.018059259604470267	-0.021868338409934664	-0.013436859355254868	-0.03885834381825546	-0.004681838721666262	-0.037657963396035804	0.037214324449478274	0.012912747739888325	0.049824895125169015	-0.044120541012703796	-0.0248508833867528	0.03991466194242422	0.03559391659637728	0.03636385213516853	0.017565377249907244	0.0009811991384107387	0.010320179737989252	0.007101083905322215	0.06741508602028527	0.023499856641842527	0.04488628839024068	0.0001276033469311219	-0.004415262373986159	0.006427250009236114	-0.029188865995228384	0.0
MMS912	0.09542929411388479	0.03328388355391112	-0.03724098872169917	0.011393336048113158	0.009964912417170046	-0.04991197409245157	0.08450822369797305	-0.06834758605203643	0.03726694200020637	-0.006755065130488829	0.03607684739220127	0.0487729642075423	-0.05828603285925968	0.04356978865148024	0.04798960654706442	-0.03751259234232881	0.054888688096633935	0.03259263819632332	-0.025223793931522614	-0.07343031708911202	-0.0016911407976955475	-0.12783627125345004	0.0644329749264611	-0.03589834182281357	0.06083924257281682	-0.01664046395035332	-0.029661462166309438	0.00010598970881335984	-0.03003821778655242	-0.001669959064343845	-0.041867522949347785	-0.002322217039382238	0.023948228625950897	0.03026400592656346	-0.019828829635263223	0.021868968266142225	0.003976141324117136	0.027861261057753627	0.06258109589614759	-0.022791951005267017	-0.06371548094123544	-0.0037506265523254505	0.015934961910171883	0.03611385095478238	-0.012533372178011664	0.006500744516434264	-0.04359079866630321	-0.019227740035715736	0.007491120923616222	-0.007143551436071527	-0.016496412538952464	0.023015717575966717	-0.009769912351970125	0.00797871120099176	0.016493636670149716	0.0043196908381560395	-0.008874033671737563	0.01519972944733805	0.00559371506717009	0.015353897199831436	0.0

Biplot	0	0

Site constraints	0	0
