Eigvals	61
0.46994619904781926	0.42440705129483797	0.24973464877845228	0.19137793921184953	0.1597666168771403	0.14127309169117114	0.12818775545041686	0.10969529387105072	0.09850982511469102	0.08129596994978347	0.07691401802599876	0.06476426703221877	0.06447904467141592	0.05884059355998555	0.056798429430779396	0.05323363346321442	0.04992491815940588	0.0474450915419638	0.04453351415772539	0.04228727300031028	0.04146603512285651	0.0396809937236141	0.03656477344319182	0.034834066627593044	0.033112368406212976	0.032226998351201526	0.028267096102220703	0.027741772197332308	0.026379930646745958	0.02530463969824857	0.024671310863047743	0.022487604302635505	0.021261164687258905	0.02056644841377529	0.018953354103739918	0.0176092249172522	0.017242247344076943	0.0157100195945828	0.01518427756775419	0.013954710460554633	0.01291011176440556	0.012707184406324188	0.011196935191423564	0.010857876216599588	0.010119532937193006	0.009208779808547347	0.007850365771636244	0.006517619463284115	0.00539646824058743	0.0045234137213406135	0.004055945209523704	0.002853538824732148	0.0022686995366807453	0.0016875271060509981	0.001137475622518046	0.00032143208513099624	0.0	0.0	0.0	0.0	0.0

Proportion explained	61
0.14548304883618157	0.13138532005376213	0.07731131388643332	0.059245603290201766	0.04945956488768919	0.043734453304204	0.039683575533070455	0.03395879321436426	0.030496064713454573	0.02516710549069815	0.02381056781251831	0.0200493227577505	0.019961025376624898	0.01821550842156346	0.01758330783276677	0.016479740260795607	0.015455448562928256	0.014687759117579899	0.013786410929979436	0.013091033432163326	0.012836799669928829	0.012284197551671958	0.011319497277130868	0.010783715724508397	0.01025072299697978	0.009976635590352587	0.00875075345013687	0.008588126912323517	0.008166536395765396	0.007833654449086578	0.007637592410394552	0.006961573987826106	0.006581900368122447	0.006366834384511369	0.005867462586718909	0.005451355354707801	0.005337748698651824	0.004863411072431068	0.004700655095003625	0.004320013285650734	0.003996632857350678	0.0039338118561259286	0.0034662782092289668	0.0033613144208365794	0.0031327426575295967	0.002850797315358675	0.002430267867366303	0.0020176844766354334	0.0016706053888274918	0.0014003305498829827	0.0012556145281940481	0.0008833809679397039	0.0007023300244970435	0.0005224142441824837	0.0003521326949256168	9.950696448524749e-05	0.0	0.0	0.0	0.0	0.0

Species	0	0

Site	61	61
MMS930	0.08393799905435206	-0.036018764818644994	0.10317811392221583	-0.02673474220871853	0.011657654030269641	-0.04193612857211852	0.028591437245882208	-0.012829944191925652	0.011897624381393484	-0.010200494307810152	0.010357203078879332	-0.016884286279273058	0.03481794033116719	-0.011954057096374818	0.029506206127144587	-0.0077863019543597065	-0.005662758573009271	-0.014379010499717041	0.03584294473754885	0.010339111614104947	-0.0016730707350755432	-0.01922325427208358	-0.027703111691540966	0.03205700751884018	0.04313333495694685	0.021764521625621584	-0.021232680588649796	-0.0026820649131493496	-0.04311683973897795	0.008041615712784002	0.011954424188748664	0.01480507202434345	0.008997120308507797	0.008865289874139612	-0.013841748759916598	-0.0009639842044454429	-0.009845915701023424	-0.03651559622287726	0.023697503059319922	0.02329897340620833	0.008807469206225018	0.011826219359645073	-0.02628237956520764	-0.010123815420339197	-0.0043601314026506756	-0.0017561463986479132	-0.00961690108117602	-0.0009270177947256431	0.012404608933016894	0.003722954868100061	0.004757376140164642	0.014957013926715576	-0.008095203093095825	-0.013393636053690783	-0.0011115953164691447	0.00122115678844341	0.0	0.0	0.0	0.0	0.0
MMS925	0.0375959411452854	0.07727220602352441	-0.024634776102351437	0.07389810325974686	-0.0032322015772398693	-0.018046166687481144	0.014368804054271789	-0.00262897692414949	-0.023886662562968248	0.0037777392577278733	0.017129968874546285	0.06434779055940829	-0.02652522352348304	-0.031088017796048036	-0.05263087343415878	0.04714431564118531	-0.0302905342894024	0.007312533370190707	-0.049239497709844614	-0.024042978929637738	0.01817410359127998	0.05340535106465916	-0.025369363413558468	-0.004411763690043135	0.0036403933388136425	-0.013766082770082688	-0.01410159039790297	-0.022378479026181886	0.016633717659272095	0.04190744319771128	0.025346386967098816	0.03890459432783361	0.009624929490443367	-0.01262179501627737	0.02511439230082185	0.0031172787517384113	-0.007596483722334712	0.011839872183295687	0.002931932250035263	-0.0027516003115496627	0.01178885763785301	-0.010821955051033757	-0.014933430202645146	0.00039647096282005443	-0.0044621471977466425	0.0037925761219601167	0.011888925820566948	0.002273598160826597	0.003821391568499396	0.007774158071085703	-0.011980909315805451	0.010184935557840991	0.009846124173428008	-0.005414899353000689	-0.002854660021597807	0.00395768435801509	0.0	0.0	0.0	0.0	0.0
MMS911	-0.059667102778163256	-0.14002867563048124	-0.06330772126246156	0.02376328467160955	0.009286399962739443	-0.0014426998879863073	0.0627232078732999	0.008175613578162929	0.0010695816604894448	0.010534394335088449	-0.01933659178823049	0.039482478503595334	-0.012922429379877823	-0.006416778591348313	0.011543328606015469	0.04924275307597302	-0.0033182956204725446	0.033198272356020186	0.014231849565707732	-0.012689889408076496	-0.032294011249040015	-0.016940187507335936	-0.016904997390012742	0.03852536218848412	-0.04329067336249731	-0.030649005963769595	-0.0005384653455369733	0.012570622574307041	-0.0186934796632681	-0.004602344581002623	0.014792277978235586	-0.013171222916982013	-0.022755095603437202	-0.027979717362763428	-0.008268311088146948	0.019545758912584827	0.022721111233528542	-0.011026633905043326	0.03899667409476916	0.013162146214415148	0.009515229698719353	-0.026669053563700574	-0.006249881347173701	-0.021668138926053675	0.028220510337890567	0.0006102902844594178	-0.002420229751045392	-0.004196147443731005	-0.009011703716318554	-0.0019634261850145643	0.009713711423941685	-0.011479414715895012	0.0012417242823745738	0.0008444568850027796	0.0013623636074196175	0.003461734658137344	0.0	0.0	0.0	0.0	0.0
MMS920	0.008686174359187704	0.049999568302385215	-0.03475965610450347	0.02482116236226985	0.09191053099507858	-0.03594098352705566	0.039460829676916026	0.019471773046836366	0.07691165556898531	-0.00737075694111482	-0.03383416319150986	0.01995784576898562	0.002099807161563747	0.007317337873385669	0.0021469208812007912	-0.02950594780031432	-0.015427613468428454	-0.035052536402278185	-0.00466857306040308	-0.02135898257207799	0.033041716090764756	0.0007607197385530152	-0.006773700133659771	-0.008236831117776351	0.026017134782392114	-0.02135771091806767	0.0170574369522807	-0.00042002436881415496	-0.025176868823047312	-0.034691303631702995	0.07090841108147779	-0.005910052938031625	0.023176346182438176	-0.009584569019636563	0.013442431997470814	0.03624824667529063	-0.00437106058431873	0.01747032371852834	-0.008396444128321563	-0.012577487291141961	0.00375738250462813	0.01026021596668061	-0.002615012166717393	0.007876322070829946	0.00277855143274825	0.032012933542413004	-0.009230808501102807	-0.012520389979621346	-0.007981581706810762	-0.00012388348695537224	0.005687635673720404	-0.0007813976223854282	-0.006655938576636812	0.005887133432866395	4.802271461188441e-05	-0.0017217828803216845	0.0	0.0	0.0	0.0	0.0
MM933M	-0.17865217245259357	0.0756714014633917	0.13295504526060284	-0.023906254870279565	-0.006786032094090234	0.06992016738158617	-0.050366518254621545	-0.02235430411336559	0.015944371493424526	0.08336060541911862	0.0207270502626025	0.08004636266569848	-0.06413820467569635	-0.06603986144794036	-0.03952206665674483	-0.0348964925766971	0.031168428844333112	0.008198943773919656	-0.006574594894818377	0.008538625077659144	-0.03706698106878776	0.021257981430563948	0.011280172579189842	0.0053023763004226565	0.029841311904303083	-0.019726642099587362	0.01265534888452424	-0.007725896859314036	-0.0043021187871054665	-0.051092128070632514	-0.0017150888107881198	0.007300421980256694	-0.02142697628942806	0.005340900809943638	-0.003293132406606722	-0.0024781164586441503	-0.010341137831448827	-0.013156704355314467	0.011375727024224692	-0.008609572848527442	0.004461598540639533	-0.0006699076339864727	0.013615644845245273	0.00831823309168921	0.011337882504545633	-0.0010061638733071592	-0.00596838534275759	-0.003690019481356172	0.010374181848757843	0.0029529857684097746	0.0010310868174611433	0.003084377259322229	-0.002859200527823789	-0.0032530487806588654	0.004521463348506281	-0.0004988952890788127	0.0	0.0	0.0	0.0	0.0
MMS922	0.08263452042864679	0.08934075428256684	-0.033878214720654165	0.010360438459944242	0.02506392914702567	0.01078680910328343	0.03738034209953157	0.00512379500675236	0.02674116529431309	0.06012956197786736	0.07649091804137557	0.019007393500374004	0.03922481308665535	-0.004254104504220992	0.003732992930380868	0.02905758809164391	0.03329946061022619	0.008349976784292302	0.034473425060743274	0.03276332030734132	-0.003432711753773412	0.057258248864080555	0.023172093170815217	0.004213779447239954	0.03859493982952217	0.016083006543306286	-0.0006123848996910837	0.035074118787045236	-0.006947911310257855	0.016763785148812306	-0.0068991808854743306	-8.498246645943398e-05	-0.008349529406770546	-0.0015808869965151418	0.031498278110897546	-0.015545969772152916	-0.017256222354050933	0.005939671378702896	0.021613566521965912	0.012159116534698557	-0.006846660800744111	-0.01595528797398189	0.01105606449396683	-0.010737242214393658	-0.027187915109645182	0.005814161164732538	0.0008718426392439524	-0.002812410374547356	-0.017287555390188798	-0.016216469345575423	0.015353273478241109	-0.0012735114545962087	0.0012339691230184014	0.004193688861636034	-0.0043462858610654785	-0.001737859998925919	0.0	0.0	0.0	0.0	0.0
MMS910	-0.07509542318515154	-0.18520167124767445	0.01510907841067991	0.04434070265989977	0.004642955305652342	0.005346070627417589	0.06779600281031486	0.017697366937733806	0.012639145360718904	-0.026934689188391175	0.024267022823287285	-0.0039665127696850416	-0.0033429852452596335	-0.05159614125014383	0.0075919646534632875	-0.021926827898454234	-0.009798792431156587	0.02630625554603279	-0.00842329832021921	-0.005608443730457863	-0.002524233619304375	-0.014062514757606271	-0.015158696549976413	-0.02503286019362416	0.015864636816008325	-0.01665183175967758	0.012531852883891952	-0.003429979205974094	0.050245557386441646	0.026454618949503066	0.003931644417793304	0.02171557999592377	0.01759276940713985	-0.00010426212274215441	-0.03430279776996376	-0.034555613984485624	0.0011567300168157126	-0.00929944122337125	0.002805226670603956	-0.023064572072001664	-0.006607442690695344	0.0004524912930627263	-0.005958226972853283	-0.015026629480649888	-0.00012511145775685495	-0.004057471543136147	0.000727107763130889	-0.01686127736455984	-0.01455961431913292	0.0021966364054884905	0.0045160270986054326	0.006622550516971692	-0.0030570561862493287	0.0010916972225701468	0.0036487014648692168	-0.004780170837512969	0.0	0.0	0.0	0.0	0.0
MMS923	0.04216679586838954	0.06957879231139599	-0.0717990568952745	0.03348969763875895	0.017837874362814997	-0.021648375866821567	0.004900292984500669	0.041118127588532026	0.07147612912344407	0.021057579320222213	0.026603711916399354	0.03628130532075946	0.07212846729315804	-0.043357315697648835	0.05013850435166957	-0.01149662273931983	-0.007344859582308803	-0.002481483075562811	-0.027772362682453238	-0.00234451210238827	0.06693525831654831	-0.006214991082339103	-0.024566759311869232	0.00029231870252516767	-0.036387081946417994	-0.0006477633419582315	0.005845605721347262	0.005472481574479272	0.02742461586775387	-0.019561839079486755	-0.04367147739057362	-0.014327349914144494	-0.0034716090480173033	-0.02267696980331677	-0.004420374607031789	-0.01653497469085821	-0.014731576875276528	0.012754193881736268	0.0050807334509025085	-0.002473596227245175	-0.016074058317933442	0.017405749889088475	0.009051518936032739	0.002369100290742359	0.00988401822626949	0.0013392066461453255	0.0015986550410879152	-0.008815886440318752	0.015164695213867454	-0.004821465975900664	0.00602085735927557	-0.00621882009939174	0.0012501115413663915	-0.011223014419146993	0.004864212292649257	0.0015172657928485696	0.0	0.0	0.0	0.0	0.0
MMS715	-0.08319712620868333	-0.12711599495482034	-0.08314339619296364	-0.0023658669820494638	0.011814677126834346	0.014473089442541047	-0.08760200306538403	-0.05880502674188664	0.06809090778880975	0.02736542865151765	0.0023408634773527458	-0.014276981453582284	0.042244652713747284	-0.02228959973640109	-0.00016967106156102473	0.02983804243282507	-0.004139442494950245	-0.008406975574165651	0.0416698451272233	-0.034578200581908386	-0.0037035120169965166	-0.02294113698976006	0.02710413632194799	-0.03021182556493691	0.004737286529865774	0.01171324382656568	-0.027289490874887114	0.021264022268762072	-0.039118930772188164	0.00499515874471358	-0.024325840662144195	0.03507103399518695	-0.005899013789353999	0.0023316703099864285	0.018428141042698534	0.024361379425575445	0.0008131044414524397	0.007861949063170715	0.006050247187125967	-0.03291200888543439	0.009485179443861791	0.0071954103032952285	-0.015988577729919125	-0.012717330871182698	0.003937751195070036	-0.005414858005709824	0.006532591195683843	0.003097906498112478	0.008746632978337048	-0.0007894250229335384	-0.009726156822872107	-0.0008343781810487474	0.009999363063676483	0.00410120389733504	0.0038822910525673315	-0.003484168431679068	0.0	0.0	0.0	0.0	0.0
MMS714	-0.04760926534433395	-0.01922330494663788	-0.0888131757791826	-0.03538522050775922	0.1069134139090114	-0.048137613706304996	0.011245820977239444	-0.0319002282142141	-0.06678845678102587	0.05052986448067734	-0.01474792196542133	0.03392092675687184	-0.004143997209437809	0.019800305501852477	-0.012297813243539587	-0.009621394546203572	-0.030490662204629197	0.021243334554213365	0.05993192941366734	0.03228732605934824	-0.0056081353920268175	0.008513387962565558	-0.033770117158813444	0.021441117126257937	0.00496524140895658	-0.050459518537757306	0.004505075731759082	-0.009201887790906827	0.010816880182479368	-0.020282642548458255	-0.03869082866189675	0.012911196006584842	0.03420524995502452	0.02849543161024852	-0.00026447806658703185	0.004361898044430744	0.02018893875330529	0.005409818696253318	-0.016018220405274883	0.0025560573875861702	-0.004127044740503257	0.01503539923600786	-0.015393529123871043	0.016504577756066716	-0.0063251436568218635	-0.007329801076469461	0.006934354634026043	0.005799372108105667	0.0026853953494919043	-0.007411912341141829	0.009116224177059897	0.0007367829872377286	0.006185130500652099	0.0014750482933097487	0.0021754606743706996	-0.000601566353144814	0.0	0.0	0.0	0.0	0.0
MMS717	0.044883408827065395	0.01466202099352062	0.017284429475883295	-0.02056443080968441	0.029522355986596784	-0.06153175888545109	-0.003096440568103279	0.006749381151942465	0.005651734499662279	-0.004398728892930099	-0.022186041844746356	-0.002429972148645737	-0.011129091968116782	-0.006727258871922343	0.02796797884645401	0.03224802631953165	-0.043610005872177775	0.009711568786484685	0.002611041032628962	-0.023332093775617214	-0.0465866761648014	0.02458037154017965	0.008463608044504503	0.003987539154161585	-0.017053778150287715	-0.022362726424617344	0.010516895110856581	-0.01633344310346478	-0.004102929845787807	0.04639426717702193	-0.02044905683776357	-0.009027661045202475	-0.018796735004610893	0.027284240612450786	-0.006824808587650292	-0.008237364285872255	-0.00887718860432463	-0.018505396818688923	-0.009425698983553749	-0.02100150316361457	0.011778200270045502	0.009838902742261901	0.010260076672368466	0.015009335637706426	-0.019138268120259608	0.02006068482098559	-0.04697043738432691	-0.009590254027748614	0.0014746169884762312	-0.002780071996053873	-0.0002140289840526059	-0.00591667305215339	0.004536229412889525	0.0012043909702443626	0.0025185294896225225	0.001758696749240258	0.0	0.0	0.0	0.0	0.0
MMS716	0.09973455225363201	-0.06017721815746341	-0.07325810424515311	-0.041090542749574695	0.0024787723688575315	0.041023751763274253	-0.05171539513084609	0.04107927472564836	0.08982917940642052	-0.08483809317967335	-0.016805678581046157	0.017136725789449567	-0.027216977648135823	-0.021098036879579122	-0.07158550231574046	-0.06515674310052878	-0.002601734182657194	-0.014983034093362779	-0.03692478651119273	-0.009092755839839844	-0.017704206119888974	0.005629132001394096	-0.01525088797507001	0.0450088594156545	-0.005571397810004788	0.02341371878146682	0.013166580062025354	0.0022032962518548577	-0.017456096973069875	0.011389920397599547	-0.022012341257865536	0.009868665171792567	-0.007302651230983963	0.001319354774684365	-0.003247183630148157	-0.021898776496004413	0.012224200592287607	0.008554868119418996	0.001480150089814697	0.01740836650720249	0.01759152533909447	0.006967601774892946	-0.008558945910674314	-0.014098314325166814	-0.005556201393270353	0.017106741482637584	0.0033069048854440894	0.012578308247673342	0.0024426550294757506	-0.00956506628075541	0.006993609858518866	0.0010558890612856209	0.006217227179635503	0.0015221237532572272	0.0031795401729082275	-0.0016139592756091868	0.0	0.0	0.0	0.0	0.0
MMS711	0.03177266633870812	0.11416724911827245	-0.0475183397654409	0.06754303951983662	0.007865178834991104	0.046179948891354586	0.03994936923497288	-0.01761711710085366	-0.026551116419637782	-0.019593877436560034	-0.014787776536063032	-0.024289864254835578	0.01856945237828472	-0.05591735558023769	-0.013505099521462399	-0.007968237373484715	-0.06990710261747073	0.0237839075834368	0.029920849649540903	-0.027867112890238202	0.017680776315829844	0.0021306077018876696	0.019338459508143547	0.0020599874337425893	-0.01847674614574675	0.02366112195292229	-0.004725625272454345	-0.01763688790482629	-0.019005666476385002	-0.028454744869411998	0.015573208507117997	-0.011585621409697093	-0.018007633043690685	0.012900655118265176	-0.026752764249249585	-0.005835207697378385	-0.016640194629569362	-0.01721495563857297	0.012258652648185535	0.01899842095460979	0.023003786215523923	-0.0032564995418915437	0.009707934746121813	0.02572047736689686	-0.011720769805149444	-0.011148595105784302	0.0175102194821762	-0.008851045924172712	0.00822372255481722	-0.0020226193752969656	-0.007015220520239325	-0.010470643244409467	0.00624044476279561	0.0011266357442368143	-0.006796698625123127	-0.0023944505533286644	0.0	0.0	0.0	0.0	0.0
MMS710	0.025379127667755776	0.09124724011551058	-0.03771170237238827	0.04038331785586543	0.019576335507328704	0.05331725130969017	-0.04697830751363815	-0.017612113604054704	0.05492635977028189	0.05587094791539931	-0.010384266741836167	-0.07387789300166278	0.03294250509489289	0.02284156113998159	0.010702093640235218	-0.004794382437721931	0.0273835652129252	0.08217918555727285	0.031100180884273913	-0.0058648951749721	0.0019195067461506405	-0.003936058615650845	-0.03592756997275075	0.0264415513357542	0.016750456576464855	0.01378660030167152	0.03277280499568603	-0.011395751161918394	0.032109027424392166	0.0029529104344055653	0.02820570723245557	-0.004018278166840567	-0.014893639298948652	0.041538099635319174	-0.020549425151844894	-0.003728467653995804	-0.006314731861060066	0.022663461645278528	-0.0022474505372338787	-0.011268960194374272	0.005991983057371886	-0.006992679983606493	-0.0024670314926617263	-0.015721369852900718	0.01957641343975885	0.010885493964933353	-0.0019411006623202588	-0.0005310678172879354	1.540200282926362e-05	0.00254283243785723	-0.009817904771311396	0.007087444045103368	0.0027209705763355722	-0.0003649956730205467	-0.003183698984222589	0.0019214106060824647	0.0	0.0	0.0	0.0	0.0
MMS713	0.043908732385127595	0.08953822689168962	-0.07110738642722451	0.0334750884855877	0.05684675541747972	0.0814602298476194	-0.02449446484399593	-0.05118660713882991	-0.086172549350282	-0.04719769886684141	-0.08293684341906166	0.020839311595343794	0.032351585120661885	0.00896114883956954	0.0357588728360011	-0.02185990951691188	0.023491496443877557	-0.025003345646640834	-0.028460523613832972	-0.027848811503255032	-0.04758888203798985	-0.01894455323802014	-0.024402303492229237	0.0013985321537369315	0.01863144160737295	-0.0015900758513818158	0.026368304834999773	-0.0027417851909379938	0.01166681294633515	-0.006045116387354889	-0.006307778007574052	0.007593015573672836	-0.006146844580507175	-0.01382740381753435	0.013714547742140589	-0.004160834785166609	-0.01610619518032112	-0.012945406719962674	-0.010261737907450554	0.003656446172598829	-0.02037998346035203	-0.015443209707320995	0.0024176624146154467	-0.01228826763903631	0.0053673544444819265	-0.003971967289023344	-0.0072053521618811785	0.006649287132374366	0.012745567338525499	-0.0023550142859607823	0.013893089038541515	0.004833325458653667	0.0058043598669615835	0.004787554465085281	-0.007985903299960014	-0.0015721736746784982	0.0	0.0	0.0	0.0	0.0
MMS712	-0.05167956425776699	-0.2029955885016504	-0.004205360757057926	0.0640207287347496	0.019668101958714775	0.06431704535447028	0.09155935317903877	0.045991331044339244	-0.04250421733469097	0.04523608135005348	-0.028374535416376218	-0.017068999925656327	0.0003345632814689191	-0.04301692626967899	-0.003040837378039187	0.013050706876684042	0.027962684981223118	-0.05121657642120927	-0.012469062343919923	0.013197729926395061	0.005051652136999794	-0.027648116830048093	0.019507268291266703	0.0071752124800346885	-0.016045402961583046	0.008524600353755341	0.02575265997457217	-0.01922162367042581	0.0010235875051127195	-0.00035983546974530426	-0.0062224311935121426	0.0031750173375819607	-0.003661705073733219	0.0145989718761278	0.021750866120452354	0.009485074834515553	0.008703929235785772	0.008139591387856252	0.007439020925785063	0.001522812830217812	-0.0006209982920593552	0.015487976736934056	-0.00047095120355762914	0.0009519997522031966	-0.02338181713921139	0.010105856582018668	-0.004488810162324323	-0.004985220712635255	0.003675141459702668	0.005622218166565457	-0.006477489019103654	-0.0014655410131339522	-0.0011792965521390491	-0.005692060729159112	-0.0074816499413091556	-0.00309093632032971	0.0	0.0	0.0	0.0	0.0
MMS944	0.02449467368383661	-0.01217870532270402	0.07568184047308946	0.004620849016184466	0.042075510283629554	-0.06306621953005091	-0.013791097819320919	0.011463900398431271	0.03526749229595955	-0.020333456739056628	-0.0001290131112544619	-0.008675760398461397	-0.009128686350829123	0.02073320201332653	0.014628989870750515	0.0016519798045649087	-0.0038087864772014205	-0.012361420436902653	-0.01864967371325719	0.03125599183500227	0.022630649743594817	-0.012184682064823298	0.0023873942724273673	0.02511263670667965	0.018159439054126113	-0.010494188448823853	0.018097485394138437	0.011183220185528009	-0.02889807187885567	-0.02566593394446189	-0.01668875625369366	0.0018805464912736076	-0.020570090623147717	-0.012247356632312979	0.012241176260582343	-0.022337995876450936	0.03898982502337616	-0.035096448492655447	-0.023994548151070827	-0.03417778547106375	-0.003954763165925167	-0.011937513033159645	0.015232292504197574	-0.004823177838173374	0.002819443631027152	-0.005069672911567264	0.015457950411730793	-0.019230455799354902	-0.010819006034399156	-0.0013037546229467114	-0.01097671109887077	0.005236807136784315	0.012124392178949433	-0.0023618235614311306	-0.010222324960219221	0.0020355654712086507	0.0	0.0	0.0	0.0	0.0
MMS921	0.06618306445838637	0.09049006916518897	-0.08066804053888206	0.051963242812791674	0.1324580046685981	0.06424975340296007	-0.02540950210685092	0.031136551548999452	0.08216616330288568	-0.021572597248117283	0.057480498414874126	0.030901235309124385	-0.048160257980287884	0.016352276652769733	0.0039713978434838025	0.022786966173358913	0.045926696344965705	-0.041611623688714704	-0.0001313937774676953	-0.029878727328477135	0.01475736955059486	-0.035424423250661474	0.02803560794805544	-0.028288050546768483	0.01279592927131427	-0.01839565819862094	-0.015875236456628455	-0.001840743005370457	0.011040599860097436	0.02566666703105627	-0.01703432001484872	-0.006038208392285625	0.004230910788454208	0.027195952790752542	-0.015000470940973171	0.009056773575887193	0.006455629741360074	-0.024385945713139352	-0.0015968091047002342	0.015048848027002537	-0.008533272668719534	-0.003901242271845236	-0.009753146016951306	0.01586226946739046	0.012573977815133594	-0.022833851859041177	-0.0085508888812139	0.004125292261834455	-0.0031421126614097437	0.004441388247792403	-0.004131248511833517	-0.001880821220991322	-0.007025641795760696	0.0009726970451124175	-0.003590397783458504	0.002515003532748308	0.0	0.0	0.0	0.0	0.0
MMS942	-0.025049071982854002	-0.03419468943098302	0.10265176097154755	0.0454944194955191	0.00147066038462408	-0.05036583553515449	-0.027766826393088886	-0.04252389942592693	0.012446221648959742	-0.0030008186036043515	0.03038597572175685	0.005274697738703013	-0.018395149853747145	-0.00868981111960967	0.02635777008926525	-0.055731149471531245	0.03651070914087858	0.0023101866874986033	-0.016144417757453393	-0.016280968369408535	-0.022778074595632795	0.049039729575590316	-0.01945857854575747	-0.022506108628276657	-0.07442880239285822	0.01510472619684149	0.013005881221520193	0.027190705990565302	-0.013868439864888863	0.005717413277842539	-0.004481230146383433	-0.012172846939186964	0.013855808977922003	0.021233468876133702	-0.010692862552363586	0.04463845190195801	-0.009473145320889768	0.013190741862521446	-0.013915337680165252	0.01328980379492447	-0.003557911304691749	0.005212152226768154	-0.003469472958439729	-0.02168688533294367	-0.014134997595038466	-0.02188117140249904	0.0009136068185771607	-0.01899915415285949	0.0005521166188473512	0.005361912035937395	0.004667546624374597	0.0032350839629869217	0.004442051045165993	0.000988370670121781	-0.005290857558540539	0.0006324419895451703	0.0	0.0	0.0	0.0	0.0
MMS943	-0.015050820025497461	-0.10348578840450184	0.024403503785152228	0.06771573834404614	0.04713903042304269	0.04490534836424109	0.04247596573979108	0.077716036134193	-0.026618892677267334	0.10970611382475254	-0.023539974128258447	0.0015845188112520274	0.029464448392120406	0.07846874768826557	-0.04796559358041944	-0.007759792228128578	0.0027208561062130377	0.02116916436997694	-0.061319950462271504	-0.021061658731617024	-0.004546280918089071	-0.02374895557859567	0.011691733107303447	0.01997347737911756	-0.02106020642246546	0.00026395395322561057	-0.04042316030837176	0.018561517977321706	-0.016785751864129457	-0.0008145584042792285	0.013360967733560129	0.0020021067201479175	0.00846629953210482	0.008209460099761623	-0.00461237596556595	-0.023728897359343304	-0.013566369926064	-0.0007646664321359172	-0.004814253141148995	0.00417186642976828	-0.009213506844618108	0.0049995033447249254	0.0033238924172842885	-0.00024053943575631502	-0.002509691100868845	-0.012478396575527403	-0.0042468670532143735	0.0010484196767496367	0.003645194175981562	-0.006984589256598828	-0.005969697564768036	0.0046170021082879275	-0.0008084782303351228	0.004320198289580161	0.0011851238888335106	-0.00028492067033133404	0.0	0.0	0.0	0.0	0.0
MMS908	0.08394488249225161	0.026741976712189523	0.020349706123547695	-0.07296840163377216	0.02929961569608077	-0.05843187740789122	-0.034205526947157144	0.03510333475187384	-0.023011444997920006	0.01953259377698589	-0.028330420576731196	0.012860730952567843	0.0005478649089956458	-0.019455248729582996	0.022405656084803594	-0.01489636451182295	0.0010408840270365336	0.030666711564777304	-0.0171665680618707	-0.005574849297897665	-0.02317751455444694	-0.0012226108859297053	0.01341427005319816	-0.008654580494961199	0.035608588887438834	-0.00011055244443516277	0.05127328748163119	0.013844266528960678	-0.01680469047862161	0.04527998597232957	0.04271380390264277	-0.028274589670169978	-0.0012584595262603287	-0.01587096194515487	0.01427445844542209	-0.014756821536632644	0.017933086781582938	0.011693108264163685	0.007968188099920745	0.003604468978056402	-0.009353045001617238	0.015489777212334306	-0.022137355092579473	0.013205632069557993	0.0017534145923423564	-0.036079027322354434	0.015454191371940242	-0.007671142712607913	0.008950709695996609	-0.004251788471499831	-0.005973477330006544	-0.01035462435600452	-0.00047602288177992885	0.0001580304849805029	0.0051562305376456775	-0.001555670726790832	0.0	0.0	0.0	0.0	0.0
MMS909	-0.015709091389248152	-0.1497243528656768	0.020023961874138668	0.05043523006937849	-0.04162755802847248	0.016540283019388792	0.05809259985132508	0.03456176672052627	0.003840525198214816	-0.046006809844687205	0.005828921343141301	0.008351859534445144	-0.010040858050309036	0.012239854151901573	0.04281411301896818	0.028850890219191308	-0.012102794192098785	-0.0019852197202381633	0.02497916190624298	-0.049944435252467535	-0.012008522457453204	0.00882101685026959	-0.012812874262427812	0.012638884868007745	0.07611147374088167	0.007032500061825853	0.010740558118579982	-0.010855400409868486	0.0020602699046206553	-0.006807352253042662	-0.024251034704711998	0.002022797224355574	-0.0048085213062088765	-0.009148155088352684	0.005206713719610664	0.021155124991365362	-0.02840580484919533	0.017679099994735843	-0.029708203329940352	0.012292824649258545	0.0018170057154708135	-0.019019396224423887	0.02629542426112671	0.00018391356673776464	-0.0003131035746888761	-0.016011839352898096	0.0077146458669483595	-0.0028925619467341564	0.0007109920804770003	0.008388610195270462	-0.0013072806597930872	-0.0022123822332773446	0.0011792994881150236	-0.0005990891046759092	0.007436734912525358	0.00026360584404240507	0.0	0.0	0.0	0.0	0.0
MMS928	0.022936094238488997	0.022082916761657835	0.047631038930456185	-0.0015709151625277432	0.0023159257567874313	-0.08973099313147859	0.01037433039345774	-0.00652194299104761	-0.03848198181383051	-0.01615319742610481	-0.021155968966072136	-0.0009936707191960854	0.03333618791640828	-0.012967258980621047	-0.058020519630003965	0.0635016746602757	0.023843518429641882	-0.019515958166774747	-0.02601509574764002	-0.041950131265888244	0.0034120830535483786	-0.0015148768057442774	0.008020644129826636	-0.02325170218576329	0.009829227748743105	0.04041960765809099	-0.0010581316605307726	-0.014523051297044488	0.0008204034137732334	-0.01512560251103806	0.0022102749210247117	-0.033992678260247725	-0.016036721413995408	0.019758068703573176	-0.0250691694245513	0.009987886614636007	0.0040314024796110435	-0.0006153128082731248	0.018896520356049083	-0.02158406588033669	-0.00545078509780301	0.025702967138468476	0.013577640629253993	0.006465827548224123	0.012519297174347676	-0.008360408123418317	0.005743522039028051	0.01261126805093333	-0.015189740824752182	-0.004577454291228297	0.01965155326341571	0.013123381171832966	0.00771272071029796	0.0011427319632493526	0.0034860769205492022	0.000220505480286084	0.0	0.0	0.0	0.0	0.0
MMS929	0.10995448945206278	0.010943359929912033	0.06301376299061619	-0.04179690185199529	-0.0398298047691932	0.0015022896616945977	0.022047480461342757	0.04544314424289093	-0.04542887475986806	0.013640712762665107	0.012385570793141808	-0.05015393854569759	0.05319449945566719	-0.02394818894130472	-0.015494638088966723	-0.006227539268255059	0.011532407871580991	-0.015346174781429937	-0.04107093623526557	-0.0009537213653246764	0.011297509245027607	0.024983737231669263	-0.045794364224898444	-0.007246768362231271	0.01823101483237654	0.00039958587047994647	-0.027721894988158514	0.0019089322921635153	0.00158517960651766	-0.0019867143526484487	-0.013018454436641042	0.020191169079783782	-0.006358165391193847	0.045621411150463614	0.02951210324980473	0.02176148121408147	0.026208443942550553	-0.020679624148114122	-0.00770676267405612	0.0069550956220161934	-0.005690683221289761	-0.007026026067642518	0.0034064423772223935	-0.0014392662240085236	0.018849542838591832	0.011432489001685347	0.007204897687493807	-0.011649013262237537	0.01246034157692201	0.0014393008289039202	0.0013179264081939262	-0.01318630746200507	-0.004621259119098471	0.008440466936163467	0.006054836857645824	0.0017567882854467214	0.0	0.0	0.0	0.0	0.0
MMS900	0.016835546343069954	0.021880848368389754	-0.035691946923286304	0.05490125518700268	-0.11816561056105952	-0.02456224890986089	-0.07517629394238676	0.0010380928401748462	-0.05784644621131607	0.026616025733192786	0.0034366795975931826	0.08015773241630632	-0.02382113949602899	0.0017266040993444644	0.06520823819577477	-0.04346246860654403	-0.020823104955118143	-0.005395463860556956	-0.007317970740325474	-0.033278437871714375	0.03270109257259231	-0.03679661964875971	-0.008722632817494662	0.035123394434620786	0.010637673142463562	0.020316164894651146	-0.018909401138223397	-0.0010679469863596643	-0.008973902739507891	-0.00819466692035891	-0.007501347820564001	-0.009161993548169177	-0.00149349862120236	0.03864333705678436	0.007944191333559242	-0.01367787742995981	0.010044695572087795	0.011232610661709497	-0.0031462140497750105	0.0029756159242258842	0.017683186434656783	0.003957165403701409	-0.008040380893155487	-0.0024749467812063574	-0.00895266662681452	-0.00099376143749201	0.001376290019150406	0.0034336494605927	-0.030079922192744826	0.003840230228673703	-0.001433149815203783	-0.00204297995751212	-0.005143713188503423	0.0035490671196594143	0.00022704890567332733	0.0004440660650315378	0.0	0.0	0.0	0.0	0.0
MMS901	-0.0395521591690015	-0.09327071424628804	-0.026661738439964056	0.026956391755057426	-0.010898699085622604	-0.018308402605364062	-0.12199142945243896	-0.02893766357042606	0.017461968296103962	-0.01829787621394213	-0.00941762289488611	-0.0381089675994963	0.020811629200908347	-0.0013949916052295216	0.005976230156970946	0.04853123902500011	0.03889597898368945	-0.022487304887242113	-0.03498641948905283	0.0352163103137714	0.01397506068469057	0.043479047499937404	-0.014429036484314626	0.015125684322437608	0.004587592008604853	-0.06691210988534825	-0.021662393585071077	-0.019350230723406848	0.005574642143996035	-0.0017595667339968305	0.011996441163034685	-0.04293286889470595	-0.0007009893114200553	-0.0007584651055579435	-0.003173905431814011	-0.019979755917672624	-0.016153467377168176	-0.014734012375010442	0.0011887016130953932	0.01821695485247578	0.025967991927667806	0.005438036321068136	0.006819981764102647	-0.006685787586060194	-0.0037071000149487988	-0.003676073269333836	0.005286841648937793	0.0008212286710614981	0.00046963548077108097	0.009635543982286606	-0.0033596974579609036	-0.003565542861690018	-0.0034019157331716668	0.005664540050101478	0.0002895150288226235	-0.0047001584953860346	0.0	0.0	0.0	0.0	0.0
MMS902	0.08073277791556484	-0.13090471140641302	-0.04088403560765383	-0.05692221807016626	0.006035861888259954	0.03155462984204322	-0.054389525491596376	-0.01730758804415606	0.021877777949534633	0.016606383855605707	0.003095715091742668	-0.02941628466909352	0.03831471706772475	-0.0664952958201246	0.03207389859872428	-0.01175034521306844	-0.016176758823798872	0.0220154917934863	-0.018004087733662303	-0.015541252092102114	-0.052538911294365935	-0.0035272189675052165	0.021035445376266317	-0.03002980821478365	-0.024012061560270033	0.011296262552721854	-0.008640635105641442	0.0246005475486309	0.03213077272054817	-0.018809447306741237	0.028876422998424918	0.004218636597371524	0.025725285084287237	0.0013079412689617073	0.028706819067490112	-0.0038064331310405427	0.02121309426953385	-0.016599661313847103	-0.014210137737674714	-0.00015892252810501377	0.011943305046920661	-0.019927128610350363	0.013411525007247458	0.02628425440072831	-0.0036132464429595983	0.002015280615464592	0.0034369660554933413	0.016181624960496358	-0.011526683409775982	0.0001537870750283556	0.006051763853339207	0.0044511293035027705	-0.006470544156209033	-0.007672033659982115	-0.001061219669351115	0.002518863901819212	0.0	0.0	0.0	0.0	0.0
MMS903	0.09891793007997167	-0.06067156006577696	-0.006047373059923986	-0.029719479746991934	-0.061886736390772086	0.0737394354624504	-0.015432220612778404	-0.002462957828052273	-0.037682196486072114	-0.03296804369713928	0.02028137853358167	-0.00914385697352592	-0.010065473764453001	0.048168810583973355	0.02398513917484996	0.005213897008884314	-0.026769268846496656	0.018539926859082234	-0.0422324260535867	0.024484069292161324	0.016921972509340175	-0.006422911783433338	-0.011634833307701778	-0.05579826443994364	0.017545758358653244	-0.04662899593054576	0.0281134972080045	0.038274696428391757	-0.0077427617467564925	-0.03560632364534018	0.006238548429873839	0.02637984278016001	-0.0021368733502332574	0.0002640575657444347	-0.012491549211664829	0.012039764428423323	-0.03341814935752698	-0.010451003971953607	0.024040513238386324	-0.0077307941145806445	0.01092540253404073	0.029050118073555953	-0.0027425835804362397	-0.008237605527905844	-0.011066247661122677	-0.00428122287104648	-0.005418142004825307	0.01062665725040674	-0.0058534946472201	-0.011745239428061584	-0.004764284996936351	-0.004217287188691676	0.003903086647696809	-0.0020996629688351674	-0.0002461964636573598	0.003531406673852822	0.0	0.0	0.0	0.0	0.0
MMS904	0.09075423182903211	-0.038137865700313196	0.006244973597759243	-0.05017045067731602	-0.057268569225897965	0.02527675763318903	-0.03768591165005853	0.006210078074336773	0.008168285834860832	0.017943156978954312	0.03784293729457167	0.03001706234927067	-0.015973343739841342	0.00065606619085843	0.01833670534269868	0.05142369285460984	-0.014951133956179299	0.04650825868720665	-0.011476480381203392	0.019369946022803414	0.04544439131593633	0.004519424808483981	0.015786071577253306	0.014262721398314552	-0.02644242362791948	0.019989665579407054	0.04504628479389299	-0.0371434439655859	-0.03413616035575635	0.01040435628407876	0.015825312758607338	0.03335600077538574	0.007062632230087778	0.002456212161529648	-0.0073142032442763925	0.014569429653151828	0.016233876151978223	-0.00961377935437331	-0.016345245743017496	0.01537219553852349	-0.0342526401826574	0.005323352378073004	0.02248558161176716	-0.004152225873060963	0.011691366503693465	-3.5738131007016097e-05	-0.014583157582649895	0.01896946764447257	0.0016939721528951494	0.005918849791857921	0.0016505490788654832	-0.0009638823329345386	-0.0006257955781177152	0.0009502456478272457	-0.0014597392405925251	-0.004864023076408207	0.0	0.0	0.0	0.0	0.0
MMS905	0.09066752933038785	-0.03677133160535499	-0.06716212384202502	-0.06505234361934341	-0.014643721919593976	0.039751022604216014	-0.05841074042905011	0.03743019305583269	-0.01226418899537676	-0.02908050746518989	-0.013356597694622725	0.02803135354558997	-0.031350971456493175	0.053612790881413595	-0.041720105300183115	0.00048672098194490175	0.025264589469536112	0.04780532666645513	0.04346688744310374	-0.00875407649053446	-0.02656340624962554	-0.02048501277400127	-0.022950068128574582	-0.03249778963556299	-0.01597779862101989	0.00449003049057289	-0.02630347015953948	-0.03484477116347259	-0.020742896708118592	0.015640688422009753	-0.003318957606260673	-0.005359143088315148	0.013429389966601821	-0.005628835145393752	0.009201222471188914	-0.0012602208971396944	-0.010472925114954745	-0.0027223511594456963	0.005473275354553808	-0.011258902000463788	-0.005183594576208255	0.014618809485968836	0.03269386379488747	-9.99680711845685e-05	-0.008821207270535904	0.01177357921848461	0.023889828251134695	-0.028525617911302356	0.001973031895923728	-0.0006367884565832595	0.00508910812439039	0.00043287736532837955	-0.009975653189874322	-0.005969376600649457	-0.0019434862131507973	0.0007993823297409093	0.0	0.0	0.0	0.0	0.0
MMS906	0.049747469362174786	0.04205200723269968	0.031399658944575956	0.02816837491061862	-0.04179250661820036	-0.07130237557768766	0.005155521726425482	0.05596987701454174	0.00219089679163267	-0.0008586051665211438	-0.03317806055371989	-0.02113523082383453	0.04128525485813846	-0.035509055664105074	-0.034050179724985016	-0.01762913920299989	-0.0029113497774581496	0.009796578393445927	0.027171666990577107	-0.01000708037162485	-0.003492391164242457	-0.010524712565834341	0.0813007239189664	-0.011019007289911566	-0.0014366709186233615	-0.06656043979469206	0.01803283967299711	-0.0004945042628414517	-0.030838792890374635	-0.007156061469078238	-0.017520100828732676	-0.0008690478059305055	0.03269692941456802	0.003903038365858142	-0.014179304424229171	-0.013914802236612749	-0.00763757997194916	0.016949723316262565	-0.01618438961695811	0.02032075999425681	-0.0038292208076493865	-0.011645056333412536	0.008994922036296971	-0.021453793393231835	0.0006595046982076741	0.005360053270943218	0.0065160916023382105	0.010523123749361487	0.0031583255620927105	0.008725752119414489	0.0014997446736062237	0.006863507081912102	-0.001140137753598859	0.0016351973353075536	0.00013740590452576885	0.004330542689314176	0.0	0.0	0.0	0.0	0.0
MMS907	0.05436007208115748	0.05153459380373671	0.01952855941179226	0.02786947639447189	-0.025174753584774532	-0.009941234540721058	-0.005225368061440716	0.015956815393140898	0.003955584647640617	0.03377341363361636	-0.06585429405483283	0.015738559293134162	0.005415596059396437	-0.03353533741939929	-0.009519681558174987	0.03855075350924477	0.0357646000845966	-0.0359512007746225	0.0425329998037753	0.04854045953090663	0.001407851946361124	-0.009811814185103056	-0.04900963993205111	-0.050785066027292464	-0.011911222314266208	0.015190567750335173	0.014221048322276997	-0.002235900020258163	0.003491343450442549	0.0023674036297816666	-0.002948320362098928	0.04021861799072688	-0.015063731630955167	-0.020781774300815792	-0.029908029829125167	-0.013949045982289464	0.013266012956761785	0.008012521867110193	-0.010022268874272999	0.0076936446811165324	0.014112444513675989	0.008692429405652641	-0.008091355051241296	0.005039469894147757	-0.006047720337858897	-0.0014239105720274554	0.0065673149659990935	0.0042955978435332155	-0.0074425817829385805	0.01118413861683773	0.004621401121392217	-0.0054964384521431495	-0.006080637777453143	0.008302380538709308	-0.003263703651443294	0.002087041006126371	0.0	0.0	0.0	0.0	0.0
MMS919	0.027705906414572636	0.03870508581948622	-0.04569405770963818	-0.006473940401595648	-0.07796633787160408	-0.02279053892999703	0.027086810775792915	0.028764091406808422	0.02466428957408769	0.0009293895665384995	0.00012196181381238001	-0.011227078806787725	-0.01451787773422481	-0.0036424694460857874	0.002760518371713955	0.019963258552098913	0.0683598188569154	0.04883454916833796	-0.02426698857751499	0.013098387770756769	0.016944910404382264	-0.029406754354044464	-0.010114050222375258	0.018200724591844686	-0.004478547866530566	0.003267847966251217	0.002230859748096453	-0.023495013114843744	0.002617624128601105	-0.02048201208092962	-0.009554510537835377	-0.021485670167028015	0.006639395362917795	-0.022648750569547908	-0.010584479492336384	0.033927239171834836	0.0033206017969276518	-0.013579398499469573	-0.01422113778199083	-0.01984528581180282	0.010003929642967183	-0.031041840721986177	-0.024917695395174095	0.01673905532794621	-0.042618156691882944	-0.00440167821779472	-0.0014280950312867264	0.006143649778062329	0.01147178001976264	-0.011380019288098283	0.0005774580301984849	0.007753167611940372	-0.0014835412815401197	0.0032684536388140196	0.004537964181529437	1.929070550647176e-05	0.0	0.0	0.0	0.0	0.0
MM943M	-0.20927478638450536	0.098358468506953	0.10845438439554432	-0.037535288762322046	0.05526007587209185	0.06403436474666845	-0.04514138449099222	0.07755685830577717	0.041374505729178855	0.0555254631951325	-0.00953156712423117	-0.07547222914497986	-0.012632851613230129	0.05331096826210342	0.014106439692451903	0.008359001544234943	-0.0556400510650349	-0.015368043553804361	-0.016479438757756783	-0.018132228182005078	-0.009582872678449143	0.002630496431392529	-0.024295618913206647	-0.019410570231988205	-0.007013082887567798	0.01878135860582953	0.02394689251537679	-0.018506133151396337	-0.009364143924087418	0.007153542468283091	-0.02728125279413018	-0.0023075259694710507	-0.001578681315139871	-0.02831534912487999	0.006761972709882075	0.001868117194861832	0.0009413816739814675	0.00012507276204830114	-0.00014328006614572813	0.020453673943169156	0.009951794303982069	-0.003991320995478132	-0.009294552367400592	0.005906938657573028	-0.011105920144196474	0.0026930099441959464	0.007725611036234845	0.005286540920015444	-0.015500990391700522	0.008357711910457408	0.009424192517633526	-0.00014816122590882925	0.0035106992634957226	-0.002829321915122287	0.003586703145925289	0.0004585566261195881	0.0	0.0	0.0	0.0	0.0
MM941M	-0.2210321449445322	0.08358139965111089	0.06706119178302153	-0.09970780757678416	-0.015544483629453919	0.06969776818578657	0.06367481108856257	0.030538519112830852	0.030032072618316485	-0.08970754510425404	-0.0827029248665664	0.048861199837320596	0.0656306660923122	0.012329294617679724	-0.026710412380088745	-0.009923398092154583	0.03412752464326781	0.013328430085132788	0.019612139936173764	0.02121682809743618	0.03192171977179556	0.01947931617462572	-0.003551671165499952	0.004471091503771679	-0.006978282961392404	-0.0016837720564920407	-0.0052317884116621395	0.019423154640885006	0.0029852855730778615	0.019301505704953363	0.007157275859722333	-0.0014782101594902892	0.01492505482781508	0.032964462001248494	0.005075018363705503	0.006651524996067403	0.0049676422181302695	0.0006263967123608139	0.003555948231028768	-0.011146174504693138	0.004660295985802492	-0.010570663052263743	0.008796424285062528	0.00022282820411937117	-0.006268944291916341	-0.016308419170125252	-0.007802048300859634	0.011299452676178004	-0.010671717592524166	0.0004556645475446621	-0.00881949575279634	-0.0092775529423792	0.0014211088976215636	-0.007451094879925389	-7.355514946596053e-05	-0.0002711909052291748	0.0	0.0	0.0	0.0	0.0
MM936M	-0.19761006826822614	0.06495320290322215	0.0768772512826416	-0.1244753480809265	0.014156601790102013	0.03498031767425103	-0.027810837035007235	0.04325422215487808	-0.04060618521485814	-0.03227256567151063	0.03742142183156616	-0.030402444747547996	-0.027932929345521353	-0.06113993449496951	0.05156368497263516	0.018483750967965795	-0.010328583515413778	-0.00029083885425791253	-0.004471408751116508	-0.01970757327887833	0.023086824606560596	-0.016115081136365637	0.011764634932886903	0.028594546020544925	-0.006072389164002625	-0.007572647478543124	-0.030836938926339912	-0.014199665925024852	0.0037740052302031894	0.016581540560055966	0.00637201156932461	0.009269547139741775	0.0292683265680897	-0.0061093996125392595	-0.011553175416775908	-0.0005428944362824175	-0.01629331740496569	0.004721605616476318	0.008079371423327559	-0.011888376515916729	-0.013860424446545434	0.0031057635210747533	-0.006748519206196771	-0.006077893830997192	0.0044021040971846765	0.009308697047834213	0.012752579259284233	-0.0011790938072007056	0.003801951401939733	-0.015983123670611825	0.005505062394335772	-6.912214134029618e-05	-0.000670774860720108	0.01263242512367813	-0.007369409620260139	0.0017726799356968788	0.0	0.0	0.0	0.0	0.0
MMS706	0.08708574187326493	-0.06649632821797442	-0.026072312946071343	0.0030401783816398934	-0.055003942481567265	0.05290553905652156	-0.03824431178864937	0.05961932245984632	-0.055498674665635114	0.025193567826936242	0.0464364646081806	0.0050544369964507065	0.04696044455924662	0.03577879910887796	-0.026769806195221596	-0.08108426538500611	-0.009101819695842367	-0.03347288495836863	0.04004696250671736	0.01230388570466618	0.014606285006068968	0.047179683638263935	0.037373604921153956	-0.0068754614735447835	0.00915411127917061	0.00590401418522084	-0.004012368055195883	-0.04506517959204892	0.022016093441773816	0.010151003163259753	0.006108145110470451	-0.01706110883945028	0.006926529514522491	-0.030531722524741508	-0.01871215446289833	0.02205248496537752	0.005719733916803038	-0.022093461669604703	0.002448210789973224	-0.02269780613941533	0.00528360520310417	-0.0095509867364745	-0.019175057052917145	-0.0027830246445988403	0.014442881512316054	-0.0030889004271107074	-0.009986898322525448	-0.0010861917711037475	-0.004346762756702651	0.005715303122559135	0.005739258162803169	-0.005612608689606404	0.00832637474030428	-0.0011927606300705881	-0.0018373673558733437	0.00010920059575993363	0.0	0.0	0.0	0.0	0.0
MMS707	-0.015392733522423027	-0.1312242831602132	-0.04196341128814992	0.0016082474552732457	-0.05365633570058605	0.026011665386466234	-0.11025315981756945	0.035853407521950216	0.0029886733314248098	-0.02230912249711917	-0.051070756469012143	-0.02481620661326601	-0.02508711131874859	-0.00635059645678627	-0.029219417224393227	0.03435750427191152	-0.048382236796559806	-0.04930677107964092	0.02292171554392059	0.03555281696535082	0.014420653828951946	0.02264361585758514	0.008038397698950298	0.03315004700844956	0.004410968656982046	0.008538467585798262	0.005186567224622405	0.025622465662809304	0.02494868127972276	-0.011746689777287427	0.006844596375305951	-0.006577552649421695	-0.01377528184474141	0.012785429309145984	-0.003062669953109564	0.011247372202248715	0.0016083732054870948	0.029221270037358058	0.016809815964175315	0.00572300438415143	-0.03640645092425158	-0.010962640885632924	-0.0046504439448205055	0.01700461197637276	-0.004160664379787874	-0.01215121424396033	-0.010786653673377998	-0.017322581516156555	0.0036755177500891285	-0.006777311410104214	-0.0006534771568178419	0.010317259748450028	-0.004386306645443112	-0.0013673325594657213	-0.0009040070076313705	0.003132356956889593	0.0	0.0	0.0	0.0	0.0
MMS704	-0.07415862048871534	0.01626088427470046	0.024173182480115102	0.05517936486257743	0.0018038839061538484	-0.017900953471854365	-0.047984775241942654	-0.040238594394894946	-0.060161438472364485	-0.024223554134620955	0.05365416452432284	-0.025520133570325586	-0.015393926642498626	0.022988842079791218	-0.05944005945047433	0.03180589291542002	0.037054301814271134	-0.010556386704144223	0.015531121416963391	-0.028506683260127164	0.01939991245383059	-0.018179295302282603	0.016623858784939917	0.025383066431049216	0.0032226033265307236	0.0349579242738135	0.022578682480075454	0.04954927255079586	0.013649786043223453	-0.008678170733028125	0.021677062142709456	0.027000531606475805	0.029325115502743162	-0.01554457411320569	-0.018990478941862822	-0.02026218060207929	0.007433722982600237	-0.005153071557463367	-0.028269730138482885	0.007341133538370664	0.017149672298271423	0.00012456070538784532	0.002026034511300962	0.0017771803327150501	-0.0038082211056687932	0.0061717432394248145	-0.012863654239781946	-0.013313597599031689	0.007375254611332932	-0.005731609134758751	0.006007503980075657	-0.015853437560701338	0.001262905630286869	-0.003072701174292576	0.0037963745370454905	0.00131680335603615	0.0	0.0	0.0	0.0	0.0
MMS705	-0.07023652427722395	-0.024239388117175086	-0.03629024993936819	-0.006815149321893038	0.010238339103290616	-0.05362582708230081	0.023420038468730583	-0.06481335717256395	-0.010294190925144458	0.001634085370909141	-0.0019789691005217148	-0.054119138809006845	-0.043682736369306564	0.007700752835413268	-0.04746724583961253	-0.05439277438957418	-0.01907508383373133	0.03891823151149192	0.002854854668466835	-0.011317330014574602	0.07899578729497031	-0.01797770896478948	-0.002718795640227603	0.006649629535606913	0.005182801160279964	-0.017264461567468834	0.010755797867877694	0.025763851017928243	0.017775515553383994	0.030855792327830492	-0.015354800181174494	0.0022759602413763634	-0.020491206307926627	-0.01193670706874551	0.03419893895582192	0.014295866192876972	0.0008735601830347868	-0.011824588986333732	0.019907174840061756	-0.0002584729828395636	0.012420722454115908	0.0022429767107652785	0.020242837983100514	0.007103462706107975	-0.00028914150309753	-0.013138034963068207	-0.005389444274033776	0.007992471320541698	0.00528268947536145	0.014565461632872492	0.015575461935645487	0.005039662406948575	-0.00714095621491588	0.003389679997382702	-0.0035406174953640564	-0.0002154043826451662	0.0	0.0	0.0	0.0	0.0
MMS702	-0.057584036055957334	0.11017528330285972	0.016066908273859953	0.1315298872242448	-0.004840080976892806	0.016443792529978393	-0.003285759360576886	-0.0008632979908891009	0.025094047781097226	-0.04628215248478337	0.003257097369215512	0.007835693548915796	0.02305648149355546	0.01236129826751366	0.024339408487622238	-0.019553774976419983	-0.01863143885030496	0.011618593145902252	0.028825825131593263	0.02165783264570524	-0.027443261602855994	0.0014682057467007678	0.0055022767908168135	0.010448183759714503	-0.01229868571092118	0.019878543262566734	-0.02243663057359387	-0.006217092805133896	0.018467694473151938	-0.012217272308155766	0.020335947011790104	0.007077550997272746	0.010514115172185248	-0.02560686974983945	0.01878208642336379	-0.005831628192374164	0.02872840550991812	-0.01945470974941524	0.02241780115135572	0.0008045828831822911	-0.01974547679500483	0.027415623571451865	0.01894821580331632	-0.00918467572266351	-0.02078550468091007	-0.007491964760497891	-0.00834052871488885	0.003593038913299565	0.006114650769344963	0.009440715621503655	-0.0095102098369551	0.006168940225329864	0.0013331189913630668	0.013604943638161084	0.009114034451898232	0.0023788830266652777	0.0	0.0	0.0	0.0	0.0
MMS703	-0.10341667237182861	-0.15908607268789923	0.01952372122154095	0.07695873035493005	-0.0071656013034647305	0.014719817102457284	0.06243023136689774	0.0384137848861937	0.002125395174354326	-0.04129723882209634	0.06860063405964605	0.011911400926787868	-0.02186881280888086	0.009480813267303063	0.010240475903713344	-0.011302625934723875	0.0022531506098228352	0.01037445236955909	0.030143868350110424	0.028651633098297463	-0.015117864916697036	0.025812497947298046	-0.015926339421665603	-0.01977155599605853	-0.0009067638085006677	0.01819831153596386	0.01673860256437465	0.014209944293360343	-0.010579834074905294	0.010026294207141042	0.0007960786881466779	-0.039521438402658086	-0.015385494527636481	0.007074527371132318	0.007671325140766817	-0.008166504384886298	0.0040529983664287705	0.004101357734949178	-0.021416338475003276	0.0018758801125349652	0.011763837478584501	0.02086241619435986	-0.0023871093396062677	0.019037077542490507	0.021030297047304997	0.014619355885657501	0.010577742786650643	0.023204643084435164	0.01315382565253293	-0.012083794276263082	-0.004436265172109361	0.0050303987454433695	-0.0017498306611448211	0.006035654412829674	-0.004302241483660294	0.002389574023308693	0.0	0.0	0.0	0.0	0.0
MMS700	-0.006783938258980886	0.07568391187798107	-0.043954707054838206	-0.013883265845450393	-0.1111461242561147	-0.06967189191048886	0.039676413066932106	0.028340009977196046	0.04480471194720675	0.010392387346048273	0.004377504503605838	-0.018459140967983557	-0.00834419170235124	0.04561229940855156	0.036372328835392105	-0.0003240338487598836	0.030056145585459316	-0.0442962714428014	0.0036736872013316832	0.014321194743338617	-0.04516593969986471	-0.002467458379642222	-0.0025518310117757298	0.045614364212405174	-0.026244087693498782	-0.00985057073355652	-0.003936796324189101	0.009850807883709404	0.01101738185496948	0.006629402441540708	0.011419297724412707	0.036485716052512274	0.03148788991061342	-0.0010611209892089776	0.005494514562226317	0.00039190542861913894	-0.023353909763501508	-0.0010715739652922445	0.01147572752375097	-0.001999894991184235	0.01478143084334179	0.009716743755846715	0.01365620285550898	0.034273019928888294	0.026947829012374188	-0.00886467845066972	0.006658056786444804	-0.0002593931100340275	-2.3585383876236027e-05	0.002698075454252095	0.003162988779030065	0.004159702614754335	0.008892925935124923	-0.0023406586625604863	-0.0019012020358972195	-0.003053738836215354	0.0	0.0	0.0	0.0	0.0
MMS701	0.058416926836163084	0.14486428647974023	0.021673319968631984	0.07848776655892022	-0.0280270891416305	0.06747378711963802	0.0012350552360702132	-0.019270694105800686	-0.01508389350885429	0.015871000499791607	-0.006137131933731948	-0.01011293342049926	-0.030534817196740126	-0.019453548461155254	-0.00360282801194911	0.030901808141263143	-0.04000204578093521	0.0073028034119703026	-0.020357504719409995	0.03541935011401544	-0.02871515734646159	-0.015910966292797816	-0.0050664512858994235	0.015479466642982153	0.03188047245171758	-0.005582691122367787	-0.03352886677203167	0.04647052064516167	0.002889818998827731	0.02316966787216966	-0.014861577944904716	-0.04400106061076591	0.03262740065675424	-0.011201048811168597	-0.02032856120354276	0.030246897528897223	0.027236455221779678	0.010995881912897434	-0.009375314325138738	-0.015144307242843321	-0.0030451092912316276	0.015145836310018637	0.007318728377109187	-0.01369214494562421	0.0012928345735607203	0.013481865279545953	0.00517266033255648	0.008247080201873052	0.0032527892672558384	0.00851639406153337	0.0031858654369871283	-0.00496564663264355	0.0004441666200970026	-0.010028475326131919	-0.0027348442739371292	-0.0029441268516116857	0.0	0.0	0.0	0.0	0.0
MMS708	-0.10452683082348671	0.08899856073313127	0.025744602416755233	0.06915251264901653	-0.027179291139730024	-0.04915086994414052	-0.07282026423423361	0.04707690571255062	-0.07825150669725471	-0.006207390374786724	0.0036850556518243944	0.007022649185187439	0.014845018252547056	-0.019981193807566223	0.000621362132404286	-0.016459812367250908	0.01888383045370306	-0.011340853536815177	0.030022394963292613	0.025974620064714602	0.01028455032655901	-0.06523379136563301	-0.009333722577966608	-0.032740940177814204	-0.020069618794037382	-0.011827111431536785	-0.0016629635615993748	0.008479369235319396	-0.008213513481113304	0.03242996301026925	0.011550233934982466	-0.011024627705702415	-0.03087381203457788	-0.008576884471090477	0.03132344264797151	0.002790151124981186	-0.021960821917995768	-0.00139444151088208	-0.008841145902685166	0.005171498315609125	-0.0003869014401349324	-0.013776382341524005	0.00028339286354794543	-0.0005236125625647348	0.012070634919626918	0.015927493263924244	-0.010142149460424259	0.0015743432971030377	-0.0007635996898014202	-0.00965711365204739	-0.005447344338177497	0.0054715785065313095	0.003120285390864723	-0.0065346974681910605	0.004095865638790254	-0.0019112240087851417	0.0	0.0	0.0	0.0	0.0
MMS709	0.08397998843268803	0.09102238441319618	-0.08932188191522052	-0.11008757055480174	0.04070850693147861	-0.0574535449758106	0.04935961181615722	0.06789361115990979	-0.02823656999696205	-0.015116906300390542	0.08788898824954999	-0.04395114950634442	-0.04040439605828778	-0.026707629659768646	-0.034989275729457904	-0.015960653495106156	-0.00693750057371429	-0.027047384129031217	0.0006752662830326683	0.02643959623500068	-0.045161679060280534	-0.04258448979126431	-0.019064826437162567	0.0052811497941166715	-0.006836900523256264	0.002927085195262222	0.001420264480374067	0.00126174550354951	0.009682628414911978	-0.02583706057299714	0.00834949576901835	-0.003488399428295689	-0.018019996546516325	0.012330776396890807	0.0006305793538409597	0.003862231662628024	-0.012695043000781964	0.020143473429237852	0.009398866360876676	-0.008948037173520993	-0.005091569001945239	-0.007393620214606783	0.007892090519995497	-0.0188084140193735	-0.008279012328111793	-0.011271347422641968	-0.005942655815659248	0.007451613755818312	-0.004520301020585861	0.014590187096976407	-0.011656450325426747	-0.005161817412717981	0.003295704483593338	0.0015078755542694072	0.001121253070507148	-0.0007988123793577714	0.0	0.0	0.0	0.0	0.0
MMS917	-0.22313307057182935	-0.033157423519745696	-0.15767452638498772	-0.08727064615481543	0.09551309198646864	-0.05260019351361134	-0.019471246923781806	-0.03877302114855795	-0.06488921797791776	-0.019559502032806545	0.05212237861863933	0.02730862159637437	0.058834240250843606	0.021490204798322095	0.008375992553505185	0.015269838640621385	-0.005956644857553975	-0.0031191186058202036	-0.032799786082477494	0.019288304672122218	-0.004891570764390941	0.020771117670765105	-0.0021405403896112324	0.00031225546587637426	0.003563439782277098	0.03421437683923488	0.0038295198027856205	-0.00998302652375322	-0.014681030025422348	-0.013522052125700533	0.0037815374425478284	-0.008175361403546237	0.0072896428719898656	-0.008399365938109447	-0.012445273250939642	-0.0030847052720814646	-0.0002622819817200158	0.002645661726293786	-0.006011451398906016	0.008861409931630822	0.0026944016957914842	-0.003069570366059687	0.0033907091910431782	-0.006104849998421161	-0.0023070421971817076	0.006869972319246173	-0.001206036574761892	-5.161204604008249e-06	-0.00012945167138599041	0.012765128335013799	-0.009283839398530627	0.005150909303333567	-0.006388584740837025	-0.004637261996176473	0.0006115723346240309	0.0012576367437576901	0.0	0.0	0.0	0.0	0.0
MMS939	0.012464636303725298	-0.011054314189768846	0.0684331737929917	-0.0042436490430078815	0.057366057545755925	-0.05533041713464696	-0.004902628631384675	0.020402734501376647	0.005222031824084085	-0.025484417325703716	-0.007011750597947399	-0.006655369242115723	-0.04020608115893528	0.03597210507950708	0.033184352152283776	-0.0004894608452683804	0.00356711042852425	0.007828180974352636	0.018986949588824572	-0.009637767928571463	0.010865205784725884	0.010204939968447091	0.025080748927469386	-0.018789774956388682	-0.004046540041799126	-0.01953224622097976	-0.04950243750483882	-0.02148866619160221	0.04591559124531313	-0.02379343638968298	0.035478034967806105	0.021619022375423857	-0.04062751067679823	0.008852733558857507	-0.0006796677155519666	0.005383623773246466	0.02659827851055132	0.010100775779635222	-0.012996786082299889	0.02600470870919408	-0.0015785659310005482	0.00349714973212553	0.0003551202179256414	-0.017436845430516223	-0.010254778484777263	0.0011416573974933136	0.006823821846726614	0.009047307314559714	0.005130345342909031	-0.013442615716633783	0.006323053521010269	-0.0021542586517155436	0.006612812067990138	-0.010381259741226126	0.0010002268884006047	-0.003006385140119784	0.0	0.0	0.0	0.0	0.0
MMS938	-0.008693479506301836	-0.08080003923174577	0.048788354275102724	0.028415368908148612	0.004579814549953836	-0.04608762045655841	-0.004488841085849947	-0.01854618379050354	0.019785396474424524	-0.04429881895430493	-0.019224265394894635	-0.006809743202837603	-0.01633736804695489	0.0019048455881592967	-0.003412402752114163	-0.010059698226308537	0.023792164990995256	0.07336525210336856	-0.02475655036544909	0.033914032415169854	-0.008300165410641587	-0.008634099413151469	0.01735763880175465	-0.016885794844790816	0.02115382541282253	0.02402500567528469	-0.044094094281880124	-0.004973728830109564	-0.010391243149455769	-0.02259121202611953	-0.013361051399233144	0.0013317690145268318	0.0005682457434919153	-0.004313127526184221	0.011421606834407202	-0.01723963487909368	-0.02318611546476223	0.01728962457477124	0.005570107888411571	0.0064177930546003275	-0.029657652416789082	-0.0021930180299328077	-0.03022281344164146	0.02586544869821298	0.008143682258196434	0.01319391859480134	-0.012114456167683939	-0.0020767455506772708	-0.005277342335756869	0.02146728767468204	0.00704360961175056	-0.012800994908638664	0.00936484109103831	0.0006382846169854284	-0.004538485111228534	0.0004879462449008539	0.0	0.0	0.0	0.0	0.0
MMS916	0.04520998810105932	-0.002976237207002431	-0.01025569867976557	-0.022789989302275812	0.022824318758837708	-0.0400460582113008	0.02281075613508813	-0.029631493031545192	0.027241377030769467	0.02632680937100908	-0.05397526885623979	0.012099113353371783	-0.02471464946751483	-0.008874025422865755	-0.02738459833376968	-0.003122731160254563	-0.03977643067877148	-0.008610769402071223	0.013773656689256867	0.01822315463034672	-0.0008686969910024863	0.01738801373330404	0.0041979581678335395	0.020704249330163158	-0.02283989690117442	0.023941447010725453	-0.010776251206349858	0.02593979684747508	0.018171114265050504	0.006250825560774219	0.004571328060876724	-0.001981290900648694	-0.01687972029842516	-0.007555235329200593	-0.006493360777461294	0.01128070323406389	-0.054329655973773726	-0.04527686822769098	-0.03857189163994792	-0.0058126085640950766	-0.025340630270532735	0.0005195356579710038	-0.012335000662155588	-0.011639206878347273	0.005199030898274751	0.0031488827397275275	0.01735010148299702	0.009334903767475616	-0.011748188554688142	-0.0028450837162339805	-0.0075436275921837775	-0.0036047450842323562	-0.008486384889176302	0.0015351138132704207	0.00391721677031488	-0.0007717557141482058	0.0	0.0	0.0	0.0	0.0
MMS931	0.026091893092341615	-0.039889872804448036	0.10504979419373672	-0.03906694885778496	-0.031463955483451655	0.00030989936844984066	0.0075436658006981855	-0.06680945679138679	0.03760109782216544	0.015077134776626372	0.030006152893715533	0.03228560852908364	0.034452747057121896	0.04589587708174882	0.0019657638000863827	0.00937380443195371	-0.019974693556617455	-0.040368383331056884	0.0062458712798255135	-0.017575165706986688	-0.012367833537830658	-0.021495612774765447	0.005932237990642911	0.0250582748313045	-0.015121008004435397	-0.011578669545100327	-0.0006532532866676832	-0.017299303714396794	0.010960466647146712	0.006178467659186851	0.019395913425255023	-0.005574565398895348	-0.026300462269147354	0.0006849187054757661	0.007178488027902591	-0.022261444899880942	-0.007237322052838726	0.02508996158769447	-0.006542212950833667	-0.037969143471570994	9.814715639965592e-05	-0.0015197939941075682	-0.00491654141960301	-0.0066225842448005496	-0.016187651807386315	-0.005274721788763	0.007983202896303844	0.015045425903897503	0.01820274309427978	0.009885877656572123	0.011652816317536873	-0.010853592392391939	-0.009385345287817395	-0.0004752637917663349	-0.004590600879890193	0.002411367849331832	0.0	0.0	0.0	0.0	0.0
MMS915	-0.04140034914888823	-0.06321736014027346	-0.01655303439893966	-0.01243919178606259	-0.06395810885818844	-0.028510012307618616	0.02827977708781324	-0.10893072792351584	0.04022788361458699	0.05106659380635393	-0.0021460230313364993	-0.03015968208271386	-0.03092748213799197	-0.008282021310099013	-0.019316921779919675	-0.034448446919359194	0.0021032260317584094	-0.045826072779642804	0.010647328407086414	-0.022470177488779195	0.011995449731751411	-0.006966432084696591	-0.05975981381107516	-0.03532548054857452	0.015053071263312661	-0.004324629350099513	-0.015411519639260263	-0.026394080435203592	-0.02173135055529957	0.009207820139755463	0.013977334009918171	-0.024447604797269342	0.03168973045937065	-0.0076196981044175756	-0.010202745922785443	-0.02125985738281735	0.007325722032117129	2.0494884048707836e-05	0.008552742674734458	0.011971754708477483	-0.03156875262107988	-0.01942642019558534	0.01817704428839839	0.0006881171049935626	-0.005242573477567679	-0.0010797616003930556	-0.010093652245152511	0.011437872402175055	-0.0020002140863571664	-0.015322491714167745	-0.010365367709264153	-0.007252055901683293	0.00820888810894032	-0.0022714333269641543	-0.0004056385395569686	0.0015025914902807975	0.0	0.0	0.0	0.0	0.0
MMS932	0.03770142971656879	-0.029634213551722324	0.0876935557396713	-0.022443914323683024	0.01969617469842718	-0.04993975017228828	-0.016992786746985344	-0.05162655057060727	-0.013546018556591802	-0.0005487306704653886	0.007235316098897913	0.02487276609336194	0.03873261642037946	0.03728364799121284	0.004256280675553302	-0.030035119556839202	0.01859595085434924	-0.005478564342039228	-0.015474553834534336	-0.021087384824391424	-0.015595351494131948	-0.01256836025943771	0.021100734973293983	0.010775091353599239	0.009313050273700623	-0.011765187247735495	0.019487233503962545	0.01696391654834157	0.028891814237003967	0.02142027551890045	-0.026732106755062244	0.014168440802960678	-0.01729667926272762	-0.010333470469890152	-0.03835885485997452	0.027103465814730707	0.011001140207756336	0.004395145883381738	0.03468633506019991	0.016647809544694313	-0.013283978699576692	-0.009830841803298018	0.008296316778842681	0.02386222812175287	-0.009306169522497179	0.034411247679290685	0.019613538607492112	0.0026653381843270586	-0.0026195195572854975	-0.00038401945053508774	-0.019317409242545235	-0.0007672906179445726	-0.0030841661817450827	0.0030158998361147836	-0.000482472489086582	-0.0013292027475181535	0.0	0.0	0.0	0.0	0.0
MMS918	-0.18726261947068432	0.11397925485642504	-0.1686480394224794	-0.06517465825245801	-0.1665290579838341	-0.022586042411075233	0.07186964037181162	-0.02003432637318614	0.036219054943975725	0.026316440221455788	-0.0204284705555123	-0.007857259739914324	-0.00644100567649232	0.022243074595471417	0.001179988043128356	-0.0013814386060886428	-0.0066305702828989635	0.0002097123870610285	-0.028057752799271644	-0.01361911231998087	-0.02395125979394068	0.008491769557563289	0.041148773072864325	-0.032403955008013526	0.024858214969835077	0.002319963435391922	-0.0025913735878003398	0.0008676890553120519	0.011934732570689796	0.001695800200497234	-0.005967022668106291	0.0014458960632387735	-0.027432461523877124	0.002201903471401585	-0.0035827943262082347	-0.003461805327924432	0.02093699527900845	-0.008880496647603885	-0.01605963802036092	0.017833037205244526	-0.004129125419132744	0.018633582351073073	-0.014280637575406057	-0.012887117097473687	0.0033326839061190664	0.0042730184790883	-0.003244872337744169	-0.015344646542781941	0.005995513435880851	-0.0030897494166386903	0.0011459928099924273	0.0022113545833725473	-0.004351714042145587	-6.36623688472145e-05	-0.004747008868990844	0.00047104799906205996	0.0	0.0	0.0	0.0	0.0
MMS914	0.061704055034396695	-0.0013691997471600083	-0.04631909415838283	-0.009470257765024337	0.058115319409738964	0.07615028427742132	0.051917938605529415	-0.0921273786543148	-0.04204023335015844	0.009199765336238234	-0.036534711328314734	-0.05390584063899505	-0.04142142193268837	-0.021008769128492564	0.04609629430415	-0.02968956384780038	0.056230947892655585	-0.017541800883401907	-0.016531855940223533	0.03905614153328797	0.018694907066186116	0.01569859243787218	0.04836449749394736	0.0282777738602686	-0.005278225500190918	0.007310329997004439	-0.011491618658889537	-0.02737464838160881	-0.021314388937576572	0.025092048458816633	0.0006921542110324768	0.010961477369045028	-0.01481298041804957	-0.009708059356284895	-0.003590641393299606	0.0012374141576055012	-0.003936283665834365	0.019190627362536267	-0.0071429329880341045	-0.006895715167564201	0.007878431763053672	0.016841880439477833	0.00928668891392855	0.001861414913318278	0.005489933630172377	8.333960514655831e-05	0.007278095382019556	-0.0024416767557343265	-0.010533707873593557	-0.003033421843449905	-0.00014557260174404148	-6.255450198656654e-05	0.0017013590865289185	-0.003511221850305123	0.0098427437711192	0.004712346056460597	0.0	0.0	0.0	0.0	0.0
MM9362CU	0.0973307032891663	0.03235928282757896	0.09876305016084477	-0.07564414798121741	-0.0327834221960221	0.10496354690926105	0.055709490054301196	-0.11166970795291059	0.015427819440387834	-0.029918959466285307	0.056215229499097664	0.018986977050522855	0.04090839000162147	0.010921641562772616	-0.037192564819452184	0.029648671304282583	-0.02863475717963084	-0.005639860451044234	0.006486123485277086	0.01511450964002723	0.0009180618822757907	-0.04891959315316351	0.003600212110032945	-0.00019608902698489916	-0.026629473583393848	-0.023550778657735447	0.007714928711824288	-0.011456903699302325	0.012007334833086301	-0.004047461486631897	-0.0003807392149595025	-0.023558882417080273	-0.0014479062894581316	-0.0006654418526902044	0.02248160831458325	-0.002409594468100784	0.0011995220802445464	0.009356306566646816	-0.018865348703461002	0.02633539599615201	0.0030989065730026633	0.003039948478468661	-0.017941484411645527	0.007933068766750501	0.008173738632139452	-0.0006411396704037204	-0.001629881567593509	-0.021051188265755756	-0.010667683343493009	0.0003219502003267003	-0.0006854583117565464	0.010953337068448027	0.005632885717738269	0.004348951310277289	0.0044435556354464004	-0.0011767663918711689	0.0	0.0	0.0	0.0	0.0
MMS913	0.0956002790769479	0.016630726370733595	-0.005921768392074844	-0.08908151584421822	0.014843664038242069	0.04093974067743564	0.03725885025546316	0.015827764392133764	-0.02891675504328817	0.008982933552225647	-0.017426051953913117	0.020420783054191035	-0.028937324724325475	0.020444760513300613	0.04332764282365018	-0.008989714080689803	-0.015244504946322067	-0.011042651906021243	0.00628450917257316	0.0021699678418039027	0.03199739733354762	0.02761926099100253	-0.004390379880790991	-0.03498978528566697	-0.014976741534898651	0.005991902250107071	-0.034364306293696155	0.05016467650321039	-0.025594945439823494	0.002997865013672863	0.0062038101522680165	-0.0033144456304830556	-0.01373162790539198	-0.0057430226061402755	-0.03345579909796514	-0.024760467194776557	0.012398260937180577	0.017679312834514276	-0.0038804705842740185	-0.009204433760193781	0.011686195040971915	-0.03296428500492997	0.007260124141697251	0.009334036995351378	0.004388227574958789	0.0040076392790942	-0.008569537463537918	-0.003669478222345624	0.01449509365033466	0.01087806576040063	0.002100904479846948	0.01346376505993561	0.0017079169037732842	0.005239470729984425	0.003768407025997974	-0.002900342450429005	0.0	0.0	0.0	0.0	0.0
MMS890	0.10516390879036577	-0.0030604249376848585	0.07922907288017439	-0.05654270390886684	0.029462654060078766	-0.03797175225506812	-0.00021009638675497007	0.0009897159362484973	-0.005356958648789328	0.010169566663849319	-0.027757170196612436	0.001772561757158521	0.011992632394276392	-0.0151606610790504	-0.015532001090862694	-0.00024666810684539756	-0.00040499455848318384	0.021546618032758792	0.0029870325454843254	-0.013824768914599843	-0.0063621057515610225	0.010054948266711144	-0.004961137092805634	0.006393380871996893	0.00935909087579328	0.018070141234158107	-0.02700108106146898	-0.013262043565075588	0.019718263705377558	-0.015081302595261553	-0.03306979261715239	0.002466176497889717	0.006559536380228983	-0.04947374291037963	0.008757544229480345	0.007976210706652102	0.0018207382786427848	0.0262863567833503	-0.0075019514007614	0.006009092112619164	0.027282419852307276	0.015223646163791491	0.00794897714007919	-0.006715902254396745	0.018658544827963766	-0.017825627413105453	-0.028893091339050055	0.0005295281353770949	-0.005737129049387366	-0.015457529769572716	-0.0174024359746185	0.0008829503347687498	-0.01035202950454332	0.002823979919419369	-0.008147443649939629	-0.0010475954777713482	0.0	0.0	0.0	0.0	0.0
MMS891	0.04896270808717089	-0.012012764709102104	0.04211130370984638	-0.005733318281124448	0.021061278885930665	-0.04405088409433553	0.010746239328316724	-0.02128911503274644	0.009935183571020295	0.011297460891052314	-0.04895842219340067	0.024376178952954568	-0.05685935922117976	0.03660507806456522	0.022047433822694654	0.024256966736089063	-0.019349972923569	-0.013943322459153836	-0.0073442259135213924	0.0377814053916379	0.014411561638837432	-0.01210800914981449	0.03918607601346394	-0.03269113769049724	-0.004015934434015355	0.052216378545414686	0.029212893331888916	-0.018124678919646475	0.034697388693685674	-0.010849633645673543	-0.017216076865929995	-0.01951513382973606	0.04668999377458424	0.026547991970992346	0.022791764407860446	-0.009064227182503973	-0.009220064969543407	-0.008960750011017904	0.029916461062422926	0.0001709586940026919	0.024388282638293318	-0.021781134265261556	-0.0016155081297403511	-0.024108822937708906	0.011750697608271495	0.008351534755601115	0.0055567754006619185	-0.002778587285548801	0.014199021322764627	-0.0029998883214802144	-0.003008131878102373	-0.0023141317310057005	0.0008839612999957833	0.002788843051028355	0.002582097506880692	-3.0216168573415745e-05	0.0	0.0	0.0	0.0	0.0
MMS924	-0.032589824784259744	0.10663057367444592	0.007388831065151437	0.14628368764560773	0.0010925144493573416	-0.019947647296471888	0.008673009476644617	-0.03907809035071631	-0.006485687732320929	-0.05474855858804462	0.027019664365571707	-0.03760294549091432	0.009502056923161568	0.023122473429844616	-0.012300332557127666	-0.00946822167071386	-0.03801869282770387	0.00017271351984344583	-0.03128168428993223	0.029691819142910192	-0.02790406266444213	0.019609305250118475	0.0046859042598438976	-0.013993670372266898	-0.015526155074726745	-0.007406165804596627	0.005139388305034661	-0.0284940733185898	-0.03557563755541543	-0.004202579108608957	-0.016593662666356007	0.028260726480110684	-0.0027821735301689268	0.011618693735352261	-0.0038066158224421233	-0.003606649598474552	0.008649829475992759	0.017996666750925892	0.008928897799129601	-0.020602813426070867	-0.003987166448371281	-0.027475839123434175	-0.008420108862993611	0.006234024910462345	0.011647354087410019	-0.012602245404492748	0.001398987622505504	7.450533190883208e-05	-0.004896258836097664	-0.015945639074754155	0.0037757320003319115	-0.0020933229158266492	-0.018661775442812733	-0.0036139215649316106	0.002114255942631543	-0.0028279700484089487	0.0	0.0	0.0	0.0	0.0
MMS912	0.0667106510281724	0.06891232235970197	0.0034337995146191303	-0.007749204739205679	-0.026031815122868864	0.02908251179324042	0.02752996678336703	0.004422964390435648	-0.048691952010422666	-0.022881488052754195	-0.003457194285587455	-0.039252365745677045	-0.039400144268156974	0.010026009099578362	0.007575479838580561	0.025402315774751216	0.042394971575656956	-0.003167853595038404	0.04321778053598307	-0.08213616382165978	0.010821122154387387	0.05671178428359965	-0.005980470596297162	0.007110904424737285	-0.03140792352936712	-0.015740742405913097	0.018681771025468117	0.015142414401986725	-0.004586233200784116	-0.03305298365790635	-0.019214949209316927	-0.013537704946641927	0.006999830211798059	-0.008174255696587935	0.026449936144904252	-0.027341002960907055	0.008685522388592168	-0.007361247502322724	0.014789259168747241	-0.012343310892645195	-0.020015206137328115	0.009489371842935697	-0.02617164526521209	-0.0017699987020548833	0.00309776310235189	0.01195708842638368	0.0012508144571860504	0.007314508073187915	-0.005209057470560291	0.008123257363655536	-0.011430042030491716	0.00222680560596411	-0.006599254689418663	-0.005372727088330269	0.0017074828760813903	-0.002207975745515482	0.0	0.0	0.0	0.0	0.0

Biplot	0	0

Site constraints	0	0
