Eigvals	61
1.748176548655939	1.3840870644211984	0.8430301956106581	0.7707124440661121	0.6933477265179213	0.6198801167747017	0.5370257447289409	0.47021220559860294	0.4483303211639457	0.3725915950469576	0.3380964393134316	0.3227703896498269	0.2838583053548019	0.27748204723521025	0.2718307983315945	0.25877514218080283	0.25093266377778933	0.23867845336428584	0.23345109927224766	0.2097971351279076	0.20509646577918167	0.19299302727835302	0.17590426362662664	0.17208852581485437	0.16745370896841888	0.1582692897274325	0.15163491013972433	0.1489686626646443	0.14609965946920184	0.13387310130788943	0.1293751359098993	0.12693217130307238	0.12335000633017316	0.11709309679805244	0.11357154804440074	0.11264048409080066	0.10767538286062206	0.10116589732372823	0.09686938901582619	0.09596706277700014	0.09339151739268484	0.09071981870953147	0.08976538410901785	0.08670806801730731	0.08284468694073016	0.08024276377604296	0.07492941668421872	0.07188434605142052	0.07132683068403686	0.06943636111158569	0.06382954599774479	0.06082070433851752	0.05896630345900736	0.0585471319475964	0.057342534382318004	0.05061439338778817	0.0492169431633948	0.04706354386889214	0.041187007604784956	0.04020509298433256	0.0

Proportion explained	61
0.11901157351488816	0.09422525404829031	0.057391428901918375	0.05246821367460495	0.04720141337515924	0.04219991862073034	0.03655939610180332	0.032010894161245	0.03052122911566268	0.025365122326490824	0.023016776694212225	0.0219734168072287	0.019324377507247605	0.01889029748682111	0.01850557431634918	0.01761677725350696	0.017082880550844545	0.016248643948932204	0.015892778497990617	0.014282474610292887	0.013962464565429175	0.013138492145691726	0.011975131011955199	0.011715364936584599	0.011399837968629511	0.0107745852236876	0.010322932926535315	0.010141421335138364	0.009946106631385265	0.009113752527008438	0.00880754207015161	0.008641231029013813	0.008397366019874763	0.007971410958682288	0.007731672553139836	0.007668288001821989	0.007330276082763487	0.006887126266394104	0.006594630514328134	0.006533202356177275	0.006357865540749775	0.006175982844471645	0.006111007276808579	0.005902872692754923	0.005639863180721033	0.005462730630674907	0.005101010987132651	0.004893710043900165	0.004855755764521418	0.004727057230799288	0.004345359003799111	0.004140524440266558	0.00401428137473203	0.0039857452058971446	0.003903739156905007	0.003445703813046489	0.0033505688278290886	0.0032039706832414335	0.0028039105015930737	0.0027370641615439752	0.0

Species	0	0

Site	61	61
MMS930	0.04304185291474972	-0.2687182416586961	0.07318042411561038	-0.017994802432440088	-0.04027615998016503	0.053434112599907164	-0.006559290455730283	0.014204344730563144	-0.002485327899874528	0.018246626033486785	-0.028794805490756314	0.0669195448940971	-0.01766811499317692	0.035778852002334584	-0.006817408053429703	-0.03111453443095804	0.05073533632813231	0.017523001101634968	-0.07266010068573953	0.05052874533783685	0.007996342410828118	0.014095385043614355	-0.11964410952755634	-0.004601036294302888	-0.04628011519227621	0.10069213785870042	-0.04044143643352168	-0.021314809115381632	-0.01331638125281244	-0.06794924112445257	-0.022959063490670863	0.08929680566900158	0.04932553158436114	0.01479286043544966	0.011153354393337813	0.01050793369488532	-0.00021955170559523644	-0.04255813555398142	-0.0600571018977614	-0.0166310475635797	0.08941535315964377	0.03654150621509768	0.003722910635184663	0.08321670866630147	0.022998019887824846	-0.058559310246753524	-0.016537536079535783	-0.028543959965941484	-0.017402586694010597	-0.01468058741070992	0.020494289095849303	0.04350709980965055	0.02504864018888103	0.04012567015643729	-0.021415101441799863	-0.046445092010477654	-0.027667874562848794	0.04876339007277501	-0.014844081185536366	0.03775514752451248	0.0
MMS925	-0.16793155042305613	0.00021122049991476518	-0.1128540607906991	0.10033098276425526	-0.0412581297096189	0.04483633659425507	-0.0009071171974760903	-0.011208644969288844	0.05111315768377273	0.09295406173265124	-0.04323363079082197	-0.06372348233221334	-0.031355656788122	-0.10803262724967977	-0.09871013535100277	0.0804555243456763	-0.1345572026058951	-0.054496418607260996	0.06249533922534989	-0.021480966028312957	0.07052132691472948	0.07192152073457929	0.03002134802112334	0.0559080372262827	-0.1275476686738641	0.014684978615215815	-0.008217158432914524	0.08755017704465688	-0.023230407373496766	-0.031277618572147975	0.04166027527141095	-0.03627459032119025	-0.09980449365117282	0.04087076610237155	0.02340027139703378	-0.053117113821911886	0.03262492263113753	0.0060397876802074715	0.027090259975701143	-0.06912396409556154	0.06048481218330763	0.005523533168957086	-0.0032647255038835113	-0.03191194513266741	0.024092703955957074	-0.024059456774884223	0.03145580901439478	-0.02123574077203515	0.03193538106526613	0.05269050494804296	0.013904896290204274	-0.013824292435084273	0.018125356188863448	0.0022055241537030147	0.009646798638656116	-0.021281157024485433	-0.01253566274113068	0.03773136293393107	-0.03459449601625912	-0.0008961460733627042	0.0
MMS911	0.31143302522340727	0.16014205848041496	-0.08304488731853463	0.04119468402059352	-0.05942434312774987	0.12028894197863892	0.01139479929065486	0.01772707125877463	-0.06132879834155691	0.050755031069585156	0.027215564526171045	-0.053412430562931795	0.0020753734172119184	0.024728822852974786	0.012322750712340897	0.10314436124697739	0.0059893174795486205	-0.0038696640969625063	-0.049207541109764635	-0.09289941031740781	0.05615965518464659	0.06817147053188893	0.004676509457019525	-0.01809842820715717	0.12969836756137615	0.05479102515479647	0.07479763687108895	0.013988669140536255	-0.02140623672621493	-0.012925602737862665	0.02831435462512702	0.0013666260922914108	-0.0011163994818735562	-0.05473616528313041	-0.07944729314207367	0.0614114100490878	0.05231931363308591	0.023180139180772132	-0.03527509414342211	-0.036961958793215746	0.11262232578084547	0.03661519421972429	0.031318147674001456	-0.024311649440346916	-0.07173858771256642	0.013565076161175825	-0.004174060465071544	0.0011179446549505433	-0.009621814525958509	0.019019877925603487	0.020390711614584396	-0.028093087533380565	0.017305799791678834	0.0011423777338380897	-0.031627695418631925	-0.02597174457262351	0.004568854481751198	-0.03584564288491137	0.03960341265633301	-0.014280840776989507	0.0
MMS920	-0.09898352276429556	0.019545555616048014	-0.05467360194398237	-0.03222705409131	-0.18830108718781796	0.03546123305086718	0.13222911041169655	0.12059595174689758	-0.10596630806755719	0.09553360765808949	0.02708083216152515	-0.011509731619332645	-0.05233956198306646	-0.016971886794031044	0.030740504872291755	-0.11730062566164082	-0.03764145178364425	-0.03140296712719373	-0.00913208995994853	0.0015551438230942424	-0.032144536337331955	0.08095480870849041	-0.071837215445184	-0.012591169715314085	-0.008461767799393215	-0.04840212493798353	0.004783347483215187	0.009780258831593565	-0.07878358918876831	-0.10399193696561757	-0.008368818080743957	-0.06059619446656234	0.009290695745547077	0.00783252623149841	-0.008502969880062272	0.02855245619356583	-0.024802878257010295	0.11843754534967263	0.021353583547745265	-0.04726334662807424	-0.05505336756410194	-0.016514726927280298	0.005909269364343161	0.06122581741696232	-0.004193721516997166	0.05915289550388777	-0.053036822520558094	-0.0305614851743732	-0.052357354107386386	0.021144353427779462	0.02705791434912637	0.018537482143294783	-0.03115910348858593	0.026792779441142375	0.03530567391500707	0.0076277625926769125	0.013295353466092348	-0.023559218623382963	-0.005611351147324148	0.012555354270075775	0.0
MM933M	-0.10921710407409853	0.18008132197357543	0.3835378009838598	0.05561834964452907	-0.002858739391972729	-0.12553781056698826	-0.07856349520872682	0.1524777184595303	0.1756296348567206	0.05548234381550306	0.048119573146452335	-0.1829165912453319	-0.04562649651667167	0.056729547632776614	-0.23481796581679504	0.05592255313806009	-0.0026223582955383863	-0.09783709585394873	0.023226546297367673	0.08809179330464208	-0.009043435085219148	0.01984873153160766	-0.04248599368034389	0.0205062529339512	0.08481142374328617	-0.048885041764171105	-0.018489179285409735	-0.0500105617775563	-0.038845798592139935	-0.013492615047756477	-0.029611588307245945	-0.01590152631986163	0.04593718296878832	-0.027339346479378163	-0.016685804730530527	-0.019184203425093967	0.029627164522311736	0.0016596749974819196	0.00311003353983519	0.03399906102321228	0.003933296700326083	-0.027044491460979415	0.0018506148723986848	-0.005184222093276273	-0.0011760896588655536	-0.01727233632776008	0.0036429353189122464	-0.012689174826589865	-0.002403012574013686	-0.000563659216332731	-0.0052036696721353935	0.00841350617366174	-0.005441518326173568	-0.005278767168491212	-0.0012616638004353247	-0.008381404546045856	-0.005575402532731021	0.002343588284051631	0.010030999785170592	0.01167042144775652	0.0
MMS922	-0.15707078486724343	-0.04143982247898614	-0.09840464876195791	0.02832764346530088	-0.08694170891444906	0.05488038054264218	0.03317387570616589	0.1159689890784365	-0.009494831864482347	-0.07764222127107398	-0.04185536320788818	-0.02157473540368739	-0.10545790498823096	0.06748183382457064	-0.117056683233533	0.08164197271807326	0.02239664281019856	-0.00946046795601704	-0.07274059455766202	-0.005357478543949737	0.015451555970607872	-0.10385896454074615	0.036813049868562465	0.0009640000760230427	-0.10542601947126339	0.03277253055790854	0.06766803333577202	0.005554406501293865	0.030704645271282766	-0.05483623486339275	0.0900716537730692	0.009606163009172436	0.08459889823275392	-0.008239594687518337	0.03167313780491153	0.008698093662234507	0.039128296410755624	-0.09510694796294086	0.035339797608718325	0.014514090340900962	-0.033251985384423186	0.06435871035094626	-0.004452066602180353	0.013784157668318068	-0.05509251631844111	0.05114862384145305	-0.03301432868509322	0.05547143217762411	-0.008606551931071864	0.01710186085807816	0.031176554522067617	0.004131890343396446	-0.0212174478379881	0.019508563896317794	0.021235276040092652	0.04446912619993067	0.01523018503058766	-0.00024977163469075273	0.0019258944438017356	-0.018746272023549945	0.0
MMS910	0.41084194278553754	0.11383312398008326	0.017054349799674046	0.13345432977661645	0.00470485429194111	0.13894790242909133	0.010954792316357355	0.013034068574496818	-0.006363178027773479	0.08504937054214602	-0.04111968069952058	0.0007519365599657111	0.07666686706223576	0.011469210537237188	-0.042371786377224836	0.025060541638687556	0.05592198957665423	-0.024095044382859743	0.0478048272377286	0.03109076048573607	-0.05615842270050252	-0.009599548962260649	0.05448177386156102	0.023960405245137355	-0.06441795065142486	-0.0293180858318961	-0.04298524438342548	-0.017850186751707943	0.02936977805927213	0.06277039836927516	0.012357714406490231	-0.027904489359329255	-0.021709233112427295	0.055052294768497496	0.010426349601248113	0.01150464494762603	-0.013522120119445515	-0.003618530787204536	-0.04301895811463274	-0.033088430492638356	-0.02254141514894104	-0.0589288066132622	-0.03718287625700369	-0.025734607203697427	0.020650965016228408	-0.05458727629001103	-0.011520358943223868	0.05537495680025097	-0.08797097587759116	0.01641378619722178	0.04968914726145795	0.03881338363948446	0.0207468543559254	0.0860910573604061	-0.032470507514111055	0.03983322976397111	0.002615636814940338	-0.01712187977206863	0.036056918383661894	0.002655009781475641	0.0
MMS923	-0.12457887589740776	0.032740685051713875	-0.1388545656477912	-0.0019049583870714994	-0.03068187976590589	0.03413940293784169	0.1417416763107619	0.19006613669203615	-0.0076418813812846745	0.0891575806553089	-0.0399118287600262	0.041229073973727715	-0.04496920250165995	0.013790728473673616	0.006650006800542153	-0.030211990856700274	0.03160027334953592	0.057555607019740766	-0.04071756787236739	-0.03750367339107943	-0.005104994273300244	0.09719474048394028	0.049435433429484255	0.09574641279942943	0.018981831900462716	0.006367449147026411	-0.024380937699776815	-0.14338722836490223	0.0751536592912548	0.08638516402606534	0.08118517569563341	-0.018504443733175203	0.026942385885902705	-0.04412142845792987	0.017240925174293393	0.029301305215059453	-0.024711241703979498	0.00769412161164372	0.013806835143678963	0.042196664126035136	-0.005829238072244497	0.02749489843142333	-0.054840082962091495	-0.05701180860045406	0.014519827843825436	0.002380858305831623	0.03745179671787901	-0.06430279616747443	0.021307882596181774	0.008603459249990628	-0.044118837796428126	0.017150827594759537	-0.01496985405669253	0.029351614831294007	-0.01280170336407891	-0.029139136965695613	0.025143800426564843	0.0266941796561746	-0.008004733883328851	0.02963602284192746	0.0
MMS715	0.23571456502128643	0.1833553692578437	-0.11628023628603841	-0.08179209999991817	-0.016305559260738282	-0.24543514903398878	-0.05093861741726196	0.118804904801485	-0.007848935876170679	0.01931411510838963	-0.00532005506755077	0.14157051028244302	0.05012207486596126	0.06960003853955408	0.013827060336533987	0.06845166652535854	0.059023075714805695	-0.05900864550235469	-0.04260010579108089	-0.08038165155864438	0.047514635190184555	-0.026017950074291394	-0.07190665006480093	-0.04004382590860098	-0.017709972991306014	-0.09043393882560034	0.007950203279841712	-0.014784604035915297	0.004265192279142875	-0.06318025923938189	0.013185581760132525	0.04301931526759352	-0.04931310834128232	0.00039049850135880893	0.002448176912029203	-0.028731474004076416	0.09091196135618126	0.004681246681174111	0.024400687243437386	-0.014632622733591763	-0.022594701498015117	0.009768401622700132	-0.07508826414976633	0.02528891831531608	0.10027836616059857	0.021527583691448433	0.024086353945607174	-0.017785535012549196	0.03526482810594606	-0.012023951754433304	0.007118822151661045	-0.027789299347822528	0.03763372643159114	-0.007516175702126712	-0.02562105472318992	0.029842539676487898	-0.00048472930874414406	-0.009031157228121235	0.02334313220919112	0.019998273558515873	0.0
MMS714	0.04713457195706093	0.1775828750432296	-0.13486330083765227	-0.17436138649828958	-0.24721899526730345	0.04044255611014007	-0.05207199600605831	-0.04288293686024211	0.13291319476453264	0.007331738677893037	0.08502298325321327	-0.094851787279081	-0.06340483302443889	-0.0596735611872349	0.008413238620081498	0.03191694980410622	0.09514822868359328	0.07197261744695341	-0.09880693068075434	0.08092148119812431	-0.0009182687241712915	-0.006016735201409553	0.036017988977675955	-0.06060086217246528	0.06261890012556573	0.012764798769134902	-0.05691779655442743	-0.008940563852408387	-0.05501210171800632	0.005206239431974162	0.0405735504429755	0.005418016449179224	-0.04388749145297802	0.08087379004624595	0.032177550634411	-0.05998159454129707	-0.06213786284077975	-0.004834742478737899	-0.08048580065847705	-0.012334183836080015	-0.03071621030569384	0.045145869689408376	-0.02886737677588046	-0.035118359510541125	0.009467552463437232	0.05162791046965274	0.010226722726377273	-0.023378112731034784	0.009023444522016864	-0.04097066071403823	0.022789798044471697	0.02691809749515441	0.026767044227506084	-0.018342969051138545	-0.0018474152967449789	4.13468565538553e-05	-0.024310484889545434	0.0030325366069657023	-0.012159526413056438	-0.041713812430526916	0.0
MMS717	-0.037770441780140815	-0.1448828951737978	-0.0007843138243785628	-0.09293001839126389	-0.07745859818342417	0.026138109062540008	0.04359850022040344	-0.028173384063280554	-0.028610513907933677	0.03384843110920417	0.031964896218901015	-0.04383541596421847	0.05103886503324103	-0.0002291069316016849	-0.01885631636469544	0.05218190743946421	0.024409717397389383	0.02605864976896106	0.028478881105574106	-0.06645851255550794	0.07591922558487635	-0.01578894058223886	-0.00929003570712076	-0.012763285859242898	0.006130164796184474	0.06308814231019155	0.08694237992507017	0.02119159024181786	0.0043495983153341	0.01666963369247663	-0.05073231354447937	-0.05509461393433758	-0.044961170612990875	0.05259461634574818	0.02221080758554073	-0.043061580938007236	0.024642171622903962	-0.059938577277913505	-0.03443230575553305	0.07699076018709078	-0.02948505560226413	0.002640950895946072	-0.009578995794843503	-0.02551906477952009	0.0550483626443455	-0.014479939427127168	-0.05369524668017496	-0.04742706770164041	-0.08539830138996893	0.0020800854615387323	-0.010910209983420236	-0.04111128871826364	-0.1074798348932359	-0.027746011893401343	-0.02895538280530727	-0.017583570595324918	-0.02144422490727147	-0.016524300041299497	0.008475475694943488	0.04021894108426651	0.0
MMS716	0.1272729701887324	-0.05740062713512545	-0.07333983633926544	-0.07935657368713055	0.054942861158050686	-0.1467177270521026	0.10916793604886131	0.0551877688725753	-0.16410374606601097	0.10845607003293503	-0.014325184581083181	0.013278407852606583	-0.06864476404218413	-0.1399063305855312	-0.04137530165022314	-0.03569318229356448	-0.028707776754378994	-0.11833451954037383	0.17812860120175358	0.026531535752343103	-0.02650098008958076	-0.052767729848980705	-0.03777447612439266	-0.016941616538062226	0.08883209858188224	0.02902703608504359	-0.06792195164102753	0.031111149390410233	0.055563618701361964	0.07811121483424802	0.013170595712048812	0.04620604940199006	0.04457033545347314	0.051056877682321575	0.05701609461229161	-0.020064270852327794	0.013005347197269194	-0.01775578268316619	0.027125519525459867	-0.013525677777338022	0.010051230266072768	0.0618590193606919	-0.00015351379601400976	0.027770659423437812	-0.03684042875531549	0.0055118775196375015	-0.02826043843631077	-0.017290539620609356	0.019305962639668998	-0.02402915425332133	-0.016768067853184014	-0.017700387370450738	-0.0051535714087107476	0.021003933154493268	-0.024040558753024254	0.0025602882831564796	-0.03979121457928544	-0.036361976669724766	9.641186299653862e-05	-0.03193604577333281	0.0
MMS711	-0.21854306934866874	0.060208664725159435	-0.10310345213090856	0.15383792854425307	-0.06798854008372227	0.029113143516804597	-0.04657332617742143	-0.07699629361166031	-0.07030960515221357	0.011961878773651286	-0.011127955217988884	0.00774779007604614	0.024175492913667537	-0.12849870474438077	-0.008214516025850285	0.03935267595714899	0.09333605342617583	-0.04192393987989932	-0.0004942528250664677	-0.011173725363224932	0.08280519840161923	0.04726356577957083	-0.060104261034603604	0.06155148185167069	0.00824171396802433	-0.03771150065570608	0.033183894598024635	-0.0747761605323059	-0.008061234024343894	0.004936899679076032	-0.07893055795182986	0.00422401711085381	0.05277937830901823	-0.05882069207984509	0.04693361479909192	-0.013955317692716719	-0.029496112521087692	-0.03689389585498021	-0.045692499068024126	-0.005215450228548333	0.022347942471052578	0.004321889876732912	0.10904010115198348	0.0011121230662736155	0.09254472772627978	0.024586140787949906	0.031528286730602116	0.0314421838523741	-0.022468407258165585	-0.013471071758198234	-0.039319335117799115	-0.020291985587629516	0.019601901281904702	0.03189829380504138	0.024228469457847446	0.04226508740732442	0.023059281653118047	-0.027861237609881864	-0.02427102667308901	-0.033716094484506076	0.0
MMS710	-0.18025279184872112	0.009516617895653117	-0.03945163005052721	0.0828251935877172	-0.0418940295017436	-0.11223419434322952	0.012817884301555492	0.10206274866803754	-0.059327764114981967	-0.16282986463952692	0.002357435474349419	0.0674716022648462	0.0666383064069179	0.04970830360750446	0.04304903700787698	0.07838535416697924	0.07051858329992416	-0.058281043789664345	-0.033903089249632666	0.12500263081507687	-0.047040411860620045	-0.05260060216187899	0.05635113965997804	0.010919783888383348	-0.0015305982208003077	0.11106921561770516	0.05973726670329798	-0.08185945718947812	0.018845257296324684	0.019761032241439727	-0.08190512230039744	-0.004862992701464288	-0.009365148718552133	0.0737802645920034	0.0411343923536253	0.00030617554802713897	0.047045253976276374	0.12513433088971593	0.02071566764055586	-0.05131126700822472	0.039972606510588246	-0.03268234143487654	0.013472058617263815	-0.05789886788818591	-0.01383174978334561	0.005315171230582669	-0.031119026573190024	0.004120758900973096	0.011784620985143957	0.008799627301218617	-0.007175296150720812	-0.018565683477861757	-0.0077382038320367155	0.00025116791402471605	0.01285785036647382	-0.004005984139053255	-0.02919238002126235	0.021762112365959294	-0.007883106144469364	-0.009281008617375998	0.0
MMS713	-0.17938666487555407	0.05001075787416023	-0.1072412179977392	0.15274857396343788	-0.1113664156354811	-0.1308508421701533	-0.09556614555963756	-0.1991437819537196	-0.03080973776734735	0.04195241812213202	0.144055557168732	-0.004589684878087609	-0.04768248078944749	0.15505200888245035	0.07243907800222174	-0.032390199737985355	-0.03284508246348353	-0.048944596821663924	0.06503671287520076	0.03360494879452508	0.05087693746301272	-0.012283811105618913	-0.06017995924199492	-0.013945019626650706	0.0023725424220783936	0.028144827566878777	-0.04214294150861302	-0.03392473331375748	0.030927284315109802	0.05694206444513999	-0.006994356312498351	-0.07129002094990183	0.011658473225333175	0.018092268966233567	-0.06161447002951812	-0.022329409257108624	-0.041714182031734465	-0.04487046394031439	-0.02495400218602324	-0.039647493062621095	0.02580283225098426	-0.012104530587655489	-0.022961002930608595	0.017460840081295465	-0.008079814918909205	0.04499539945138223	0.0013810409150689577	0.03500747147305573	0.08218628384235499	0.02891866847376661	0.026733894712551297	0.011924267496266327	-0.05646369362204943	0.0268382381067613	-0.021703759207619886	0.012667888110913659	0.024760699692780202	0.014033110237058473	0.021782243740079667	0.034535681363198414	0.0
MMS712	0.42616929220895544	0.161795116634254	0.04923675074892072	0.21833454211529063	-0.03133684105342128	0.10002147276453571	0.05451905927930182	-0.08834119012986989	0.07812507576123277	-0.1085338415910839	0.06837343572965135	0.0773543036524914	-0.05828669619393522	0.04389719321112344	-0.07954127710448489	-0.042373442737110405	-0.012097789403311512	0.04195744368695164	0.05816877707469631	-0.10831038458912404	-0.044040786225506647	0.016750796159830102	-0.030227439868434767	-0.0033593753550369334	0.052890396367999935	0.01229810169877112	-0.016596596786809775	0.004055923542120897	0.006935889775882263	-0.04906908967114141	-0.04197954982423684	-0.022375492119811994	-0.007246947443150065	0.01387558363244978	0.016157879654917336	0.0011446466511540658	-0.03381726398346035	0.006295648620013822	0.04713437530162267	-0.006858828545027278	-0.007600224503602618	0.0642731710858611	-0.04086542819902837	-0.012679533039829239	0.03813510093557993	0.0018142403055120568	-0.041504772302857665	0.04328000581632655	-0.003628329019416842	-0.005873214966854707	-0.07998930960424142	-0.01617013623474005	-0.017751510983193906	0.012500912458742654	0.05445577038303525	-0.02071611504232177	-0.016335140359838	0.06898744106828462	0.008998419694092867	-0.03210954246212563	0.0
MMS944	0.029226512426786644	-0.19083306452715024	0.04764106256684872	-0.04104820529138641	-0.06628138913043188	0.01171739686578267	0.06728541584670554	0.05810027462212552	0.02567306046039303	0.021243500210003256	-0.00021363233918144736	0.003412918385173062	0.04043471091802711	-0.008247425458268526	0.005021533316615358	-0.03369492053360152	-0.05951372879950855	0.06489231189976889	-0.014783374926010794	0.046411851989669024	-0.06417486035089322	0.04866884654700421	-0.10220061446223648	-0.081064313275677	0.06593238460087034	0.024341516837532336	0.02132737240625454	-0.026835864354954254	0.039013474645764844	-0.04256019250136214	0.011437299581516302	0.01304153615600121	-0.04961992628226834	0.07597623685947578	-0.0410785024473249	0.09549162929263907	0.057286889115258956	-0.07996434378046365	0.009158667937389287	-0.022282139248018213	-0.09244877158658076	-0.02654186347373439	0.06508773007756802	-0.06601538289935054	0.008216062411438935	-0.025754278483183	0.07910103767550508	0.043802031038304476	0.043967635446144425	0.029198367615154625	0.0013562857068866144	-0.025626882412475533	-0.01215071383660774	0.03248860277582515	0.012424065184730018	-0.004858018107764884	-0.012626775433297046	-0.011358866222979137	-0.026522190961964235	-0.009139921895847194	0.0
MMS921	-0.14767786764018362	0.05295088380339059	-0.09673881021070449	0.0754636204490877	-0.22474597021842058	-0.13645199018572376	0.12860907322694734	0.14753037873554475	-0.09982823707362391	0.0050823086619062345	-0.09748424112453895	-0.028974224959360324	0.026072109729998714	0.13357107444039368	0.0006453678232696043	-0.13286711696684816	-0.11566294098733287	-0.06860361009679748	-0.0014580716018232093	-0.04658541932322172	-0.07254591205127034	0.005426376048308299	0.0864730494835092	-0.06642944612855428	-0.03744211980908898	-0.030227332338708692	-0.0006741584138539322	0.017713526185903373	-0.033775433122620775	0.02183209115368879	-0.08502513002178061	0.06188551320288017	-0.044683644210478934	-0.03590381247517679	-0.03817207689995203	-0.02106727114873624	-0.04302570186406938	-0.04892148935886694	-0.06956758160815821	0.056051751470512126	0.04041997025660301	0.0053794135589117316	-0.004530865097382445	-0.015860432227529905	0.0018076072643993704	-0.02758958597185323	0.018066882472635666	0.03669824935037171	-0.019535984519391633	-0.00401695062055231	-0.0027720772847436683	0.00304955421617106	0.0171049541794843	-0.038662979728777844	0.0010045506059777921	-0.0050580077275958115	-0.011711881756948206	0.008029040250877318	-0.0004625343699674827	-0.034490157579762565	0.0
MMS942	0.04303542726971769	-0.15226262842194827	0.07507670220669645	0.04244882744583785	-0.004927672081826004	-0.012439563094425524	-0.09382412521035283	0.14687228791858545	0.11077629288761118	0.061924419389047795	0.0414984056696952	0.003631123685838614	0.029579630231104197	0.0076629759413063036	-0.0007791262076219663	-0.1323664908043629	0.08638033733491939	0.06347418681855665	0.08655289321247826	-0.055315515463371615	0.18323770598047673	-0.06991549776582838	0.18851941807069575	0.0054939632045760325	0.03274983279342103	0.04410223717581535	-0.03822769340952494	0.011421404285793952	0.039446693798832796	-0.07260055456323743	-0.07667045719325538	0.026864043459723114	-0.007112971295021241	0.0009275341252885738	-0.010560860249966135	0.03483174990144774	-0.020641448561830308	-0.0020130508471215697	0.04143491053395061	-0.05642773149318656	-0.011107701283541311	-0.008371440606062604	0.019215136307740615	0.03457253658824951	-0.010162323960687043	0.025522872101933967	0.05945165218496515	-0.017597406862726817	-0.003925358176609536	-0.009035465307946697	0.014626714856068933	0.008273970876157064	-0.017710807947100678	0.0081987323945201	-0.011607580363201035	0.008170453171083693	-0.001367795349448896	-0.0015106379017577507	-0.0034498824986407433	-0.007060427221173736	0.0
MMS943	0.22098722152425562	0.06555470163941723	0.10148810286334735	0.17986867007521135	-0.11306934750026822	0.051320385578015416	0.1696033911305864	-0.01636147083907754	0.12183048581310421	-0.20953015076503023	0.0867280221291421	0.07059156734445858	-0.11297740589323356	-0.04656097251199763	0.07786969773802838	0.0554532153191963	-0.09470511763837225	-0.026615279780392322	0.07752763439604225	-0.041061349573268444	-0.007429450691264885	0.05553927820058153	0.03603843325413295	-0.02552899855956223	-0.02360870562523588	0.03893592711090614	0.0027677520031654714	-0.042255081005083996	-0.06644700499934988	0.028109569965615526	0.004572048308768181	0.02103958895716017	0.049076866991730556	0.003469726860800266	0.05233255852474787	0.019367898696135918	-0.0024207272106737485	-0.019474951219880004	0.01356122176201467	0.025762879730733077	0.004136477278308786	-0.046674611654060005	-0.008149366434714379	0.02651536049796791	-0.003009700583728455	-0.001512141854278978	0.04496426578074832	-0.02649170834121374	0.00548184520037409	-0.03128718104787052	0.05031294751169401	-0.0075848035748489525	0.015250490745599065	-0.035644123630855916	-0.01925705828644784	0.028821758964616674	-0.008581681502497905	-0.051349585608168234	-0.03798762654230652	0.04723734269166698	0.0
MMS908	-0.038444847527756384	-0.16934389364855892	0.01453361292012295	-0.1545316681312122	-0.038782223105491585	-0.004648343892341841	0.10837742625970129	-0.054315085792435054	0.057565017390195206	0.012910382216277886	0.026112148844086688	-0.04790696751486226	0.0413347972715892	0.04657408586592069	0.01876696562338144	0.03405488885545882	0.039973260463128796	-0.06289328357139864	0.09556611365286058	0.03117664012944112	0.0049670193005535	0.004665287755748611	-0.01783893562164811	-0.062023760033838436	-0.05556058613208357	0.05519814350709886	0.04652900561914931	0.05927688917203765	0.08014299725205172	-0.03814713320169154	0.022595541534558422	-0.14728901358833976	0.06647096355370254	-0.01522661739106882	-0.016450178902000602	0.08386052441508555	-0.02237058668976654	0.04920593691470458	-0.03694032549008035	0.02918336750079194	0.00789775905241175	0.02384642921211571	-0.026218065484321155	0.013598920884208283	0.02667293809869233	-0.03583362989714114	0.04766756561440788	-0.02307396352862417	0.0009686203249409416	-0.00882827524002176	-0.05303827240460853	0.02507149055226496	0.06183154877307388	-0.04284747876867795	-0.009778352014107284	0.05266063527519747	-0.0038685377124496145	0.01395215370095149	0.014731165616909691	-0.02570813198101393	0.0
MMS909	0.3265893346149903	0.022683708028727673	0.02081428281392769	0.1706349689692142	0.08824053011810143	0.14000681111832344	0.03139646509722156	-0.032221670549759523	-0.0749965863432855	0.07689902161319917	-0.11198266175659762	-0.06530450811099969	0.05279177703064351	0.10561379747825778	0.04970712915800611	-0.017371749283736637	-0.005469472304458045	-0.031989158466275196	-0.07348127689255941	0.08448359497637532	0.07087708246925076	-0.015196242192310722	-0.0913430535026228	-0.0021200017405805112	-0.03771784909342491	0.007860482510439162	0.027785355891987155	-0.01501698670812987	0.03485241106339354	0.012662642254349866	0.011501336434113735	0.004443072286593072	0.01078801819266585	-0.0024816555548125216	-0.06540966236600948	-0.09238417270993667	-0.026987934965332982	-0.015616633521473727	0.0983976929542557	-0.016103017061092673	0.0008027618048955563	-0.025591451552399357	-0.012263873975043	-0.023450316483393376	-0.021459436155746046	0.04187990056481757	0.041574270390622024	-0.0344581874722906	-0.027303738598238172	-0.0478305333605934	-0.02583287704450115	0.041934891587641236	-0.012975852870925331	-0.04803602283008073	0.007921607804480965	0.005403199779994323	-0.040808474106440576	-0.023996976848817894	-0.04351479922553602	-0.01994353504371709	0.0
MMS928	-0.07768857633239551	-0.09949919159097222	0.013219579921317368	-0.06422886069433506	-0.0023198355636349327	0.07991430912881935	0.020731527019769335	-0.1367644101036924	0.11920985121514897	0.08057402132939766	-0.04756313265748454	0.15629383649609108	0.05422842521722097	-0.0014449158112887334	-0.0453598351145223	0.03815655841683787	-0.1639595999592002	-0.061909791377041536	-0.02572751203830048	-0.007738692947533414	0.08085577990456742	-0.02958323839619717	0.015584142790037085	0.045843673778056315	0.01858950955898617	-0.018203735912354743	0.008789019258220078	-0.028394508639679805	0.02366307567886062	0.014334340972098222	-0.019815650191916622	0.0033401977685123454	-0.01137335296799593	-0.06789294230270476	-0.018381988694207787	0.009402856431683135	0.03117871939757049	0.07259343893723337	-0.06843277964125836	0.05442339936249827	-0.078705040525113	0.004048746729311154	0.006039814438584452	0.0040476489752317504	-0.04344050583601666	0.06420714324620387	-0.01136408034473922	0.03635587583994695	0.004645724208963266	-0.05354841911559539	0.02287320185679376	-0.0059082995173709305	0.01300027301764356	0.03813244046709525	-0.0231593490281638	-0.005680069689746841	-0.07093289752954718	0.03444237107586589	-0.01459310433735862	0.0016896129653188275	0.0
MMS929	-0.01930196658175962	-0.20479055098618762	0.05114878950059021	-0.029500561698688137	0.06191679907811715	0.0836400595762784	0.04896730934752148	-0.06483093819574137	0.05337327812810337	-0.0646021134463815	0.0040202970752652315	0.09796983735789824	-0.024481676279166188	-0.01074701143881725	-0.08504327035872374	-0.023070637961118818	-0.015949395934719748	0.036583297688322636	0.02744413058356883	0.054874069969933784	0.06371753142722439	0.047540310463736433	-0.055112359281943746	-0.02741596552209989	-0.07190833035968203	0.018652742696673573	-0.05275033127191976	-0.04635872477188872	-0.008720741684351477	0.021537018232032096	-0.041209738723707645	0.08045986147213088	-0.03359050278586518	0.012538898071888415	-0.005333190107629446	-0.019401481201280543	-0.0006897365169812665	0.050383689572874236	0.02677463695956211	0.06363368294554211	-0.006259110589939746	0.030492494224644524	0.013495145750532227	-0.02654181607789496	0.012477209848159717	0.04700251649514644	0.0011188906913932551	-0.0070259414566918	0.00291643605933205	0.10492000077004512	0.008815448236210008	0.041339260263514616	0.007066125774037094	-0.04217494392185674	-0.03174797806336208	-0.012221017053427562	0.03868109322400872	-0.04282606182316746	0.07307264553128219	-0.044992757423334306	0.0
MMS900	-0.09967660506133812	0.014266452806163418	-0.09581127422867587	0.05186939628353497	0.235578658600436	-0.06342599213996356	-0.026453221170719587	-0.003846377931114968	0.19746806931305652	0.09713482670346997	-0.01715425528236383	-0.16517738841253377	-0.014323540893055856	0.019781248204583653	0.12407937221781941	-0.07534256286362535	0.018194619522044795	-0.014425519977865594	0.0417175911858087	-0.0733843489329859	-0.018966653257697214	0.09422352305974371	-0.05299643850888389	-0.009644821564569413	-0.0325976659433931	0.10053233810480446	0.023796226989320345	-0.0052016812038224915	0.003678186663797765	0.01149249232389295	0.007609053318459748	0.11568638373316353	0.035958592276961285	-0.00898558853217975	0.027360150108401125	-0.044560728762713366	0.0343017545013739	0.047407753184252804	-0.03895563731115485	-0.03788033680321088	-0.061415831736237034	0.026848581270977348	-0.009290600193551957	-0.037471446910655966	-0.022247383297570957	-0.015257094827596015	-0.020500613048751178	0.03907907875534334	-0.02609722601852736	-0.02103609402158173	0.00823584806435737	-0.027853943691299676	0.003928245647111033	-0.028840342668496565	0.021067010406054243	0.03980565392036942	0.023138394550150324	0.019342766405352648	0.015699098563059944	0.017964842864271732	0.0
MMS901	0.18478379946028187	0.0185510625366514	-0.10748627392340221	-0.03975732219234612	0.10178681141089685	-0.2725984549035577	0.006881938514989824	0.010492369697792703	0.0009689559435606739	-0.031426065955967385	-0.0054423016056451235	0.06412326494023174	0.005595014286176449	0.021564945424114534	-0.10766440750297807	-0.05177665410947508	-0.11036831880425432	0.13355860421560983	-0.08394347537346075	0.07745573321107763	0.05981977404213272	0.10237778211288096	0.04367431087831516	0.03175058472856523	-0.0005454967646129983	0.06340531555909573	0.09195301042689441	0.04302253308519391	-0.04199719192825754	0.08196572533435766	-0.004464414551958182	-0.07549697472407639	0.017924183879743212	0.014640552186209185	0.013592615171332902	-0.032577724705661025	-0.004636820108217736	-0.02472467352945951	0.014440425250360534	-0.035252529469181976	-0.03675938963740921	-0.0017414595855607276	0.0435428747615099	0.05824166340033666	0.006723270561783516	-0.027989097515017134	-0.0064617395417883765	0.006242531072256686	0.0008765016811657975	-0.05502304606933606	-0.0068745252494566	0.02012542661473493	0.033144189237907615	0.009751475887965457	0.027278346328097343	-0.01886024299360462	0.017998281815608277	-0.01880751163973105	0.04202096985617865	0.00080710851828829	0.0
MMS902	0.26306314241172374	-0.060043952752435514	-0.06861478942397231	-0.08636580861898259	0.01128197463583574	-0.15754714316241128	-0.0012991969827054262	0.025813180481838158	-0.03049570964654963	0.011232366058028088	0.027872664413307	0.07295881449547695	0.06327344790150417	0.04990307290954404	0.017531021249510278	0.12550200410334744	0.14031576637750937	0.000970918904070236	0.1359793209756772	-0.06295728015730816	0.0016363367483031993	0.009720663645119157	-0.0018264741141084731	0.020024207382270787	-0.08848990278796419	-0.05163301995696657	-0.05642088391876205	-0.014959497596006045	-0.10454925384626962	-0.009315378417554242	0.01442614245736978	-0.020856510710681113	0.02616993027799159	-0.009330626495836002	-0.049664036016486036	-0.02519867693860817	-0.01051005975925319	0.009759738365298592	-0.01904035949751047	0.029611192965990234	-0.04432493794479143	0.0306486255974778	0.09667635043919223	-0.04637335209388279	-0.07358023620781733	-0.04165203820663665	-0.004594425839260029	-0.0027890389280196726	0.022242370663873037	-0.007508277023158705	0.013562252114409517	0.04291185594309119	-0.02226062820882873	-0.011353615113504573	0.03808060083823803	-0.03956780288909504	0.007306181245569822	0.01194648124028486	-0.031465823428587676	0.002487642129667242	0.0
MMS903	0.09792886505673377	-0.10730840507292055	-0.037169087471663045	0.04947618967250676	0.121922271777664	-0.0622277924000178	-0.07083331864187889	-0.10420825599153086	-0.09322603246294381	-0.07667091049549224	-0.028219846435957954	-0.1112411278802688	0.0012658166300230996	0.0017419577945749362	0.058080951744138486	0.042189029515430736	-0.02403919223017486	0.05505743270410527	-0.032957314546547434	0.07920906565179758	-0.01911962566609074	0.1403655367061145	0.09893700014252124	-0.04861889620158891	-0.057609256206967795	-0.08372053603418482	-0.11115860336595068	-0.07923495088044197	0.025618564465644495	-0.06288204324139984	-0.03743734263802422	-0.03930186072257815	0.04119592190797672	0.004825277350750792	-0.017862333594236907	-0.003938658058076179	0.055475336378405245	-0.02662472488717408	-0.009084430608882284	0.015614590407632575	-0.014436484526412148	0.022372350033630292	-0.02462247412854879	0.05188480547710292	-0.037826376979903036	0.005778917206525401	-0.006119149182614033	-0.0379984833456047	-0.025635216459791263	0.012925359126798437	-0.009284762805447131	-0.09354594554784881	-0.005927350999607912	0.01534467004897856	-0.024616230699692043	0.000853644531751711	-0.01792036627069104	0.015478566089155595	-0.0012635349418675917	-0.027423949816732515	0.0
MMS904	0.062303515172283545	-0.14900532802680727	-0.006231561197092309	-0.059416300632475216	0.09866350662892948	-0.05248337272900618	-0.0033211298667579895	0.009033796534687619	0.0015086178832477274	-0.053420204512885816	-0.08221955930448292	-0.09652263630780547	-0.02208475478626676	-0.018307252680199556	0.05329605153076043	0.09457559017301598	-0.04400341333633565	-0.03168272407391275	0.0021182347537353125	-0.03343957309242176	-0.03989621647111769	0.046017778763541364	0.01987044548244728	0.13335233445969605	0.03147669465529762	-0.002062295090586771	0.03297018494267939	0.006522116883298285	0.08947319437062158	-0.13421762451296332	-0.04806541366287972	0.02217187495143762	-0.03438449314160518	0.06917545980790475	-0.030766477795911473	-0.0018311370060125152	-0.11032149019303296	-0.004106288381320384	0.006808638276528191	0.0677568097789083	0.018911151404663967	-0.015089525663294728	-0.020708479366569554	-0.0180718368548774	0.016384309121295546	0.008536138440801345	-0.045025590945929464	0.01308647615139772	0.06806758366899505	-0.052555995347002844	0.03261230482664042	0.024165214738797118	0.008666541492589799	0.027832153627560693	0.00939492932778391	-0.0069140319534069985	0.023215162421322048	-0.042557304026664924	0.01454288109790454	0.002428913380868113	0.0
MMS905	0.06981606613507108	-0.06973281460545949	-0.050153474601554546	-0.10193113623162606	0.08229380072040964	-0.07261489937130985	0.049435806893042826	-0.09328249163617783	-0.06466972373163368	-0.011416199345062121	0.050794991590277616	-0.10678835717350048	-0.01956342769738925	0.0070953778523532105	0.08001082112840907	0.09619869072051866	0.017588080017110028	-0.13698650946854027	-0.05532075558153037	0.009069214683629687	-0.030776460897378177	-0.03944178988462993	0.03983907171068459	0.03056618325185175	0.060114211495470374	0.04636943518265556	-0.0009854771862203293	0.04491062516248072	-0.06712917902399371	0.028875618812253426	-0.02567358482370365	0.030343118461388555	-0.04387833668267632	-0.005149827465921253	0.03068677209686653	0.01955290402756592	-0.009844679954724066	-0.010207705344813998	0.05811992358557958	0.04545035123673991	-0.038984286167780366	0.0020760149792370597	-0.014371859975823673	0.05712980990009133	-0.0017589386202582517	0.04984362371195677	0.10110489930140881	0.03443207317646589	-0.06840436582633964	0.05151525072304033	-0.02710538534466812	0.02065318739422327	0.023198236756212326	0.034003917868028526	0.017098898135931864	-0.04598685352311366	0.02934726416842226	0.037817064257385	0.002312461183288316	0.024773896318037468	0.0
MMS906	-0.11534923556564183	-0.11536732419687148	-0.020018734407732757	-0.024347929965193756	0.1343220804829744	0.06979934165962924	0.1553657582100808	0.0025287014159431813	0.07150708434206203	0.018649657784956794	0.03014038195190288	0.09870648971684627	-0.006724556016298636	0.0035978993302248807	-0.06806817545907957	0.02290288528934042	0.12156397074343135	-0.019105565581137032	0.0014406149591522576	0.023534829843124588	-0.03581146872398163	0.09298126732454462	0.037010774919978374	-0.09944859283336273	0.034182172298235086	-0.1569888225397274	0.11339284739973818	0.0793769633770645	0.060107882891043005	0.03267365738256586	-0.006081219158788246	0.043244760693558884	0.04344232295492071	0.04757538044903435	-0.005942372312696	-0.03984385954622353	-0.07595866444673409	-0.011000102136170302	0.008598880619233428	-0.03815101728828784	0.028715546743124643	-0.036789999333307	0.02578205356610946	0.008824721646919303	-0.01805025754709684	0.04279092781669749	-0.005002576878676379	0.015969617734343883	0.0014669126039437053	0.008119796452271321	0.01625637696142401	-0.02776203174766519	0.002618076029618959	-0.01761936706734283	-0.03653151383720603	-0.016626325350018293	0.008249816658758338	0.04822643279376298	-0.009086863620247436	0.02670095388788535	0.0
MMS907	-0.1174068806883514	-0.08924660106046656	0.005870548130744503	0.02186718847559631	0.10587049969257013	-0.012067984690599448	0.056719655751841534	0.01181182735472441	0.02772990407522532	0.014447805379482526	0.1676891778625635	0.04106878160983944	0.0029380705890799563	0.04535522996176287	-0.067911153958854	0.02115604351782211	-0.008477223100453905	-0.04035790902780549	-0.18781322891045704	-0.08136181240326065	-0.017255777897130314	-0.02404665910767475	-0.015818635177249643	0.049076723383187144	-0.025033601798317432	-0.039010777967682264	-0.1374124328889663	0.009200755754574071	0.09338744468592028	0.013173210411847512	0.004731641384769996	-0.02416764566058411	-0.06158318783698865	0.03677994776811792	0.03307600999632391	0.02670433502604157	-0.020226161163256394	0.02661822255997735	-0.03051741266795634	-0.04335255593188945	0.021585073857937797	0.02714552447854004	0.031576037665824674	0.027460944618020875	-0.04169664295441901	-0.0378548143618224	0.011262736899000819	0.04201691012200951	-0.02948545776813834	-0.01345516188369802	-0.03868636134953083	-0.01055683053088501	-0.01445868020356335	-0.061372183309797955	0.01818035502405413	0.006782411979852687	-0.004108402714910497	-0.06292815865177558	-0.015912253289899148	0.024086352974583346	0.0
MMS919	-0.09003261277661243	-0.0049579433016208405	-0.04919061010454015	-0.07245795678287845	0.17260052641582613	0.11370846374116442	0.023329583545013678	0.043711478544806934	-0.07497626690053043	-0.07484623016034304	0.008019414823694792	0.04715658152595878	0.06209698016744441	0.03615954147416957	-0.0036374260521254403	0.032582922002680516	-0.03702004081820971	-0.04016069317854406	0.0013682798470933085	0.05048873021539621	-0.017712988302298702	0.04021809996651741	0.036666947063234166	0.09312225048653097	0.11213849706446084	0.0225510642114259	-0.07912764561647742	0.04393720030720027	-0.06331971612159584	0.02026698077854892	-0.023995766837074748	0.0010885058817914045	-0.009465278500785254	-0.03466173591268514	-0.05385826324027904	0.05462740190308456	0.009636875891785633	-0.0764798102211685	0.009560400824192412	-0.05806886607369837	-0.03634627531064611	0.03152629212352013	0.0064423994736390044	-0.022837115974282785	0.05728911245751292	0.00872024507488888	-0.07262105701029385	-0.03310884377194947	-0.0028443712220781354	0.0221436565131666	0.03313074607246713	0.03641199528106143	0.00870519490365933	-0.0618477705111404	-0.013956693281824886	0.07222547976716293	0.0030864247257449476	0.041128610174228857	-0.022183647762889572	0.004579577246590385	0.0
MM943M	-0.13447502607664105	0.2771033054277461	0.3939284642906505	0.05272503249201316	-0.0871443834480867	-0.10461336816863745	0.20516255581946988	0.06659160893892001	0.0010518402950927832	-0.17018486746019257	-0.039582756780406056	-0.0051615480809632545	0.0760460736831994	-0.10611440870154219	0.1632694773864916	0.01081897725325905	0.02965451166992774	0.0016689438116049696	-0.04278682241622823	0.01717628697149072	0.1000158408248736	0.0053394355912405825	-0.03275830827040503	0.01968960603249416	-0.012491475616041527	-0.005700627393772121	-0.03933631614495278	0.09965175884426314	0.0795446704728566	0.01337247830943105	0.046876358873596445	0.001416889861358027	-0.02226826080072007	-0.04380228742787904	-0.029789070949611567	-0.05145570192670882	-0.0038328528357008513	-0.019226537025526028	-0.03632790670942163	-0.027779502695344856	-0.03694851934483846	0.018418893070851296	0.008271984650025065	0.00358806989047253	-0.02089273603457869	-0.007488218982658056	-0.01859800848355783	-0.005037384134122592	0.0006539729290995291	0.02056485764725205	-0.008687621841212013	0.004033980351008999	-0.0094025131166214	0.0325671180509326	-0.0008455746675870391	-0.017005942595160264	0.008164511903723925	0.015454907876055836	0.022614727925464654	-0.01090414379599741	0.0
MM941M	-0.1294546005648657	0.30116903028453984	0.31406983817493705	-0.08329622377467585	0.054214386064631796	0.04699320459866456	0.02779742228555525	-0.16032329117863334	-0.23242529417812716	0.19359052116625286	0.1523414975742523	0.11650630826459128	-0.08379555288971811	-0.04768812667913242	-0.0032138891247346607	-0.0321122321432305	-0.016721425390133028	-0.003113081874800512	-0.048858864907184475	0.012218994480163009	-0.04107098308192237	-0.018264095629941468	0.09076436338753839	-0.004294396135578734	-0.06301168344315135	0.04348279048384451	0.03535055072359555	-0.011518328227017609	-0.013417145702425063	-0.06258110439614055	-0.022186300771133316	0.03410395678795521	0.035013820272634597	0.03131194779556435	-0.03793069292355367	-0.017035058039822994	0.028369664878227233	-0.004512623649167775	0.016780981977541576	0.012582052072040292	-0.011527576565194477	0.019320038967954475	-0.004297597394494363	-0.06380362440532437	0.0075695609815646025	-0.02792083368394843	0.01989050149683987	-0.010166082723318953	0.005378709200874235	-0.0469046744321614	0.006933017282886584	-0.00979937876903193	0.015056830545528787	-0.00806711620565055	-0.001983870883048417	0.0058603198705561785	0.04057670785209536	0.009956182858474098	0.006776672928714931	0.0028859972852372183	0.0
MM936M	-0.09917328292261199	0.21383970140766514	0.27895183076590074	-0.16963287980276984	-0.019766581373131257	-0.06766819769369074	0.023279723204217374	-0.17702136912256744	-0.03275351442316329	0.017284787748654936	-0.21768742731664445	-0.02366377301469946	0.10597308038392439	0.05707697951238251	-0.06980335606609148	-0.05452113037260353	0.09243754290053412	0.06459245233487275	0.056328617094797244	-0.08214748083476722	-0.025208529221862872	0.04707827767881919	0.004071008790038833	0.055669709802619385	-0.025039714120670867	0.027432171231303083	0.010391792696920261	-0.0500678750707972	-0.04171911663207353	0.0443766806402059	0.041225897440300294	0.004061506672593057	-0.03136070403697749	0.0680248935954134	0.02847558379173538	0.07430729932575338	-0.000294135376887333	-0.01288718297718558	-0.0055150799443214734	-0.016964492769234327	0.04126658713323914	-0.002341149335993483	-0.025463080762400718	0.05551640576236021	-0.014593203067739247	0.07610993155485728	-0.003156739306629246	0.025702807104159016	0.015352712393895922	0.015201978978437294	0.002298444461970466	-0.017136339631956668	0.006190643217044093	-0.029901581386068243	0.021057108205831756	0.005781348960494622	-0.014236397400474696	-0.016358699036317273	-0.02700549555845781	0.005912319669330103	0.0
MMS706	0.11304620152888883	-0.075669955083088	-0.05849337961345688	0.035269796599777706	0.12357137785388982	-0.0480802666790579	0.0703058928263668	-0.05131003135066341	0.07653811907119366	-0.06892960406685197	-0.0015484133895750471	-0.047678484892800695	-0.1904415716291461	-0.08064661178679045	0.011792756454833032	-0.12054150042607809	0.10352190115434522	-0.03953588949743049	-0.011610885276583353	0.08403966083573798	-0.012785723616139735	-0.08863997623907877	0.004160746767592634	0.09805512740454556	-0.0866276250573581	-0.07364179205349525	0.08527543432740127	-0.0013296105728191272	-0.07577558465806343	0.027267235246776367	0.005092534418561296	0.01577865981042052	-0.0718672821043507	-0.025371307503751973	-0.0977806289048383	0.08825272265079534	0.021428533358220467	-0.003525634412718362	-0.04479058211204469	-0.027507359335295044	0.004337842933328109	0.013866810958920674	-0.01576699099975735	-0.007026343566021702	0.014373874803225311	-0.008588704389617835	-0.0019706259891582446	-0.011831503494250935	0.016104538745696662	-0.01597777650554754	-0.03629687575931458	-0.017426535449993057	-0.030053572108359527	0.0029047051353341354	-0.0170884986640568	-0.006054189413516904	-0.0339924251217938	-0.01468494992407413	0.011182806504871775	0.0017646636356748488	0.0
MMS707	0.24917216717923216	0.0344736186058939	-0.04927238061821396	-0.0264318723508852	0.1791672201000577	-0.2955054111863792	0.06377861665243914	-0.0650330663023446	-0.06044579930837046	-0.023623934322316603	-0.014760999455795664	-0.033515177405391644	-0.016115266112106612	-0.13633118466504754	-0.07573132108865852	-0.04651592781004546	-0.044344167503568246	0.11601613235761879	-0.048436310847367194	-0.006040342585220643	0.01803506215358621	-0.08928879675784367	-0.036928771443335	-0.06712822124099449	0.0281704975586888	0.008885805679891156	-0.010320866123511718	-0.019638080740273837	0.03789651753067437	-0.050769898569207036	0.0016525477843343636	-0.02826514668573893	0.0161130913594548	-0.07708702722248074	0.02247175488402378	0.011135877329497331	-0.04077395332760161	0.028249294461611035	-0.02920289881527366	0.020153160332062728	0.06080165948320931	-0.032878319710430634	-0.02382111799068673	-0.07145259579935662	-4.240734591079056e-05	0.019857021005100832	0.007451399511003801	0.015357693357898232	-0.03284844689812883	0.055612164091902845	0.054914680896153915	0.021341804623125762	-0.018809125101577985	-0.010126549214148064	0.006472350878889697	0.029246644445700694	0.0016181490499358091	0.027022103363236353	-0.04460852233257608	0.019330893927126343	0.0
MMS704	-0.08945115398473415	0.03176160281161532	-0.04863545123706733	0.05849020893025851	0.03698033419142857	-0.05587746397469118	-0.0665980614137084	-0.1093520059968913	0.1353031798482912	-0.025756745011500545	-0.1545768332465547	0.09637741097624451	0.054612149362729984	-0.022390225760002852	0.0416993290234597	-0.018476658095076454	-0.11459610449263413	-0.1078147524455778	-0.0005530273177232266	-0.013794817454948793	-0.0517526559392803	-0.09917532709372867	0.029891664359234384	-0.015951039898386334	0.05363322263906577	-0.0356354123507206	-0.004393668486658423	-0.06641735760542344	-0.02490592502767183	-0.07585594074086925	0.1092743058676094	-0.009383650841998614	0.04741208170352047	0.050187460463630255	0.019893037075428624	0.011633655975633608	-0.025193903577352107	-0.02665216380735913	-0.02214653561841552	-0.05757330948273469	0.013647168148598872	-0.015390098234539374	0.05002976934188657	-0.01321299651878621	0.007927197434543098	-0.009666926306846476	0.02162221119735693	-0.06187507484534237	-0.052813695437503055	-0.014130264336596796	-0.016015196591453017	0.008813295807899697	-0.04019764544050311	-0.0278292765962975	-0.0033491678125231674	-0.03279388351981171	0.03931657150990808	0.009524625629356019	0.04937402443610267	-0.015323485487896768	0.0
MMS705	0.03347497659975837	0.09559678952195046	-0.05412559383851608	-0.11919590861172816	-0.07432861864142296	0.08997417507435883	-0.1688119132661132	0.030724595094287384	0.06026667322457261	-0.05554308483425495	-0.002342715651622955	0.02087683034762321	0.10815120629426407	-0.20989466667642448	0.016935187389082805	-0.08625876221015794	0.019988592505619733	-0.06968720447865888	-0.013936239943302942	0.017640794913428338	-0.08992110916465895	0.060107705035719786	0.04408500633452982	-0.022775462184838675	0.004995344759539292	0.004847185906221989	0.04041617414474279	-0.05459439396037809	0.03842851594845291	0.0009192460129972341	0.001197146046853175	-0.044511409877446645	0.003652006542861982	-0.028436177219214685	-0.061597807244401614	-0.05731737042740221	0.04049294173136928	0.007716394687947681	0.05344780717335756	0.024110658697010904	0.025107583588265363	0.07005423264390105	-0.013640847801573226	0.05925217751589794	0.006083479466890302	-0.035970710097717296	0.020754189654180605	0.08221586951285503	0.015176257223935626	0.006824133524285299	0.021062343574636072	0.05029152772436824	-0.050687326304581164	-0.035187442211226494	-0.005239976274062	-0.0022805637530068385	-0.012834239690474179	-0.004118572838855159	-0.0029861450155448384	0.024699523664303072	0.0
MMS702	-0.2696029856205952	0.08400537908345196	-0.05974507320532183	0.25941936088460604	0.036175215595870315	-0.019282425004566856	0.0006374783774895301	0.03942913965253048	-0.03316113433780238	0.09868419412870698	0.016713183276009173	0.01008948666301982	0.009963635920773943	-0.024075957619622855	0.06646624692834564	0.0008158412786746873	0.0611201144873187	0.09511613610534934	0.0022049384935195126	0.0027682976527812356	-0.010971894501399257	-0.06727122183463315	-0.046517500993606034	0.07467170760470239	0.031725824457113215	0.007373965389160664	-0.004857108596835078	-0.0006338885522035148	-0.041979041155542955	-0.022517354381908414	0.04431856406293327	-0.05018725003046059	0.031854415348245624	0.0029607000893623826	0.010163727778794117	0.0191969900123713	-0.060786907567492	0.004830263056343449	0.0584212187933929	0.05031980173263667	-0.04172875748654529	-0.005471991725841784	-0.0003914088100847056	0.028114192564227845	0.020056885065097722	-0.04577966164979579	-0.0020164385337053934	0.04799075895836673	-0.0024054791711986398	0.02556719774699072	0.0677205423325085	-0.053939744690537715	0.0490172502385204	-0.06153179758461487	-0.04252772502253823	-0.050145446396658515	-0.059359394597021664	0.006923220444531321	0.02517433157939128	-0.01855077393583118	0.0
MMS703	0.3676825675441558	0.11087860875665158	-0.01577315086923722	0.17793187429523277	0.025641717443098004	0.18096702942672604	0.022104735687775632	0.030346552840793076	-0.03696259434069492	0.0707868262904292	-0.0887072002208674	-0.07487912346403773	0.023740821992440556	-0.008365518894860475	-0.023014005806335083	-0.035837493071290465	0.00896616957063501	-0.011436883519855574	-0.04194907622978083	0.040534152109526995	-0.03438118418158042	-0.11047418954502347	0.031093748140974806	-0.03328481810306101	0.0044601489970392495	0.015044032625533992	0.0013394779825885927	0.01836183430885745	0.04229001600251695	0.028359678492201865	-0.01747149629292003	-0.017346088573762408	-0.026192972777289464	0.008171818130260515	0.03570626097552122	-0.008390897614556329	0.027159570588707743	0.03594395179721101	-0.06925425661117618	0.057311225067646195	-0.04094881711440101	0.006272095839038821	0.07634772399514413	0.07305328769345107	0.01694323540839143	0.0052439219550088085	-0.020014970354575102	-0.047039559055209866	0.09770499787377251	0.029321154418308362	0.011377190584111851	-0.03064061424523848	0.009260267409252712	-0.031955402690499284	0.025458019798328853	-0.0014840802828595117	0.06041623216736383	0.020308995147862233	-0.007707157765286585	0.031485271303863305	0.0
MMS700	-0.1863347166457314	0.05927297957638453	-0.050109008821851625	-0.10609904097698272	0.22897264593958747	0.14809472975947108	0.04773569704926894	0.09373387592568329	-0.07474355395318431	-0.09658348208156718	-0.013156843688691897	0.02126643751730732	-0.08051994410076775	0.0600544685807122	0.009923654380904779	-0.03691483930421993	-0.0033619106026326613	0.0729116459817368	0.0351135920367248	-0.04092449295617622	0.026687353820398243	-0.01919376302001615	0.011156163275635171	0.007948785922630267	0.06669629916604022	0.01383462370306122	-0.04732741189208467	0.023539181683822987	-0.06509804790677745	-0.028716407750162095	0.08508335559757421	-0.018169402058829484	0.016987837274872464	0.06643545324718518	-0.05033605193579311	-0.10433642685233341	0.04978509987346886	0.046011096297830546	-0.050340413558088055	0.06534602458559377	0.05074937884532714	-0.07160686840971524	0.029010485162579792	0.033632661621238895	0.02572612773348823	-0.009500769408357614	0.047929242884868155	0.03733915324571857	0.010013510194499758	0.0037438574455338183	-0.037546635257516975	0.003913318048212641	-0.021055931806978838	0.034387234927969856	0.00809913226933325	0.043214685030581054	-0.027202548306985805	0.00483049926073736	0.006827006809509535	-0.006814348665690671	0.0
MMS701	-0.2785895667638039	-0.00913018428541339	-0.030204544970978773	0.22331964762968343	0.002160386908474915	-0.06115116783416287	-0.09287892436619798	-0.031733250239795306	-0.04610439880389155	-0.030693865931868087	-0.044812839621166535	-0.04670001954561516	0.037941873206627626	-0.05666428027860581	-0.09204077495282184	0.11089098530464694	0.006102116136124375	0.059817086725154754	-0.003424098916557258	-0.03672087024532505	-0.03395024245111109	-0.009195365963683965	0.02715395235094733	-0.15629206619394975	-0.022041050545714237	0.059343240229496025	-0.0424521852263141	0.034381240225493506	-0.027033405716168246	0.03261927016526804	0.06316018930085314	0.06543405589185383	-0.042168752363391945	-0.02212547125094	-0.09001939354368196	0.05858729550419223	-0.04933121895449869	0.06048441515729155	0.047877064954928744	0.014039123505909454	-0.028734897990768584	0.0021005905977205114	0.010866841846362116	0.02358757848883353	0.039805187184265074	0.00023691193492730628	-0.03581504174945402	-0.007719688543931167	-0.000626237449498734	-0.05785001133890917	-0.05005988956710026	0.017451345880045484	-0.010984061331821948	0.03377838443734886	-0.047116729200620835	0.006737366070390972	0.01571446021423213	-0.013610985464499532	-0.018629164735437492	0.017854379647182707	0.0
MMS708	-0.20885396927539399	0.07154948875532474	-0.033009359248504434	0.04947555028022522	0.14736254107418298	-0.035972981411446676	0.0752305077496464	-0.09775936734545998	0.21931805224701656	0.08379849114327417	0.04733618125985487	0.049265100475826905	0.049154283578292664	0.033758627540595346	0.04598911164375701	-0.02972708427769914	0.06057952939748387	-0.0028131044815005064	-0.07750951760722691	-0.08700153844204823	-0.13315323184048564	-0.01983794990926383	0.0209310411844335	-0.035639744244188094	0.005910752984424525	0.02627318571456255	0.016758824291372938	0.03761826643537407	-0.016604449635118663	0.012871891255253788	-0.05297896498828897	-0.04479675624798955	-0.008698389119945488	-0.04356041109716248	0.011276546628864768	-0.03045668633644112	0.04354392070908208	-0.043463705187297405	0.040788265026341065	0.030481852831639154	0.025417227678383017	-0.014457644061843264	-4.7771178747489616e-05	0.015848851043568223	-0.009279608063358294	-0.009409765262662675	-0.029379181454898064	-0.08243744431084855	0.02914910050626679	0.041371907626489256	0.02005771114763561	0.03148726740307243	0.003536396211119414	0.07257647610753452	0.012544795211911128	0.006909290141181898	-0.023187295107550094	-0.0435541612022194	-0.02299878240571103	-0.050726490846466334	0.0
MMS709	-0.1485306215773833	0.02453942642695794	-0.12587033953313137	-0.21529708840147588	-0.037714896302103285	0.16721049707434008	0.09537443694148981	-0.05115043429497958	0.01637686125355867	-0.08891371789683887	-0.1580872758674984	-0.012202999966658608	-0.028523878265532366	0.003729727912613603	-0.089058589539949	0.013572229314674875	0.043955022713639505	0.028784951031754075	0.020776152538744274	-0.012084706700608908	-0.04149549746509138	-0.07490614779521136	-0.03746099782355971	-0.017177306688343625	-0.002032755618809613	0.036866344800695554	-0.09198999100842824	0.030583466558790403	-0.010440049578098149	0.001940660273210506	-0.10287222386662691	-0.0450730637552232	0.05231023055204287	-0.0820392599980633	-0.029853422292915714	-0.04825360376548755	-0.0014010586658475001	0.0012683497885511697	0.02019129687346428	-0.07949583581797341	-0.02548034147421504	-0.02464930575077748	-0.04775166920954433	-0.03696025910178626	0.0013744476487086244	-0.018185404288610534	0.03540529266228259	0.010471112050975683	0.014970724046202574	-0.03737146155788682	0.02038591459159837	-0.05750041646084628	0.010073594572991782	0.007013266924796543	0.007946062643713298	-0.048583397734309156	0.03020264119150927	-0.0335358714866749	0.018740131880118124	0.029700303424594208	0.0
MMS917	0.0749310251866956	0.43202284555357534	-0.17660762909703262	-0.23835760203859244	-0.1930096088549066	-0.014686206136291244	-0.04381647511800598	-0.08286894650950936	0.12328182611020326	0.06894324503948814	-0.05999329456826875	0.017800635705477286	-0.07755705698410864	0.03986729071030024	0.061320896192683015	0.05001881963233592	-0.045039753623225764	0.06731379140750353	-0.011709422503192233	0.07515751838394066	0.04394889799486759	-0.006291662904477795	-0.001687181728708764	0.044399168470861776	-0.009005931617450023	-0.03263181087297827	-0.02502781152819711	0.05830392061905283	0.05158671489370002	0.004089522191703642	-0.03836160233270865	0.08610099399504136	0.04154020822939465	0.0040071126716612615	0.005146534838921663	0.058894240475453635	-0.007073959505882255	0.018668081551412637	0.0685742061897186	0.034500767581227464	0.01740423342007198	-0.05645432671213112	0.04509281997951326	0.0219013102233192	-0.014444819443773106	-0.0731374507749655	-0.03059943269202454	0.006145439675052227	-0.01116622872987861	0.039591792612127814	-0.04381786399217482	-0.004542571259902348	-0.03294081084634051	-0.007621765422916371	-0.013779002789887354	0.026760895062552238	-0.005000151938416299	0.007996467803721038	-0.0118848977207121	0.003189727607519146	0.0
MMS939	0.004046555642489857	-0.17070707013118921	0.060291800025655845	-0.043893038899541416	-0.09908570607593771	0.030590551979828202	0.06362176990889921	-0.032804199024166	0.001752220862525323	-0.0031974100480480533	0.006252671477661626	-0.072685062384158	0.06853862853022409	0.02608919086863375	0.040202453020613364	-0.06654087364006414	-0.010037187916406112	0.07082143618119695	0.008285629624961172	0.023861454848325175	-0.042411742082462726	-0.03929862890674278	-0.02118910540894206	0.014011127822213238	0.005667526724134167	-0.05441315744732854	-0.004354889286201505	-0.020226735895742663	-0.07251823355130362	-0.03917840566336359	0.006781121178350327	-0.03328205366534823	-0.08568325581516796	-0.04476699289804865	0.10174478586113622	-0.04181759454920432	0.0008312165938245911	-0.010667152975039984	0.08025670250742752	0.006849326861128639	0.047076244773717524	0.03956797487573485	0.06881317516311283	-0.04415624692101218	-0.056246864545537595	0.0035932295046904464	-0.011708875976295505	0.008778756518692489	0.019500439054653897	-0.041914235818288126	-0.03760626307591052	-0.0037097351716732898	0.028439157198225012	0.025064635056966558	-0.07097217432033572	0.06062531498639306	0.003328054102850694	0.02046606839175114	0.03871427336549633	0.047502499860260984	0.0
MMS938	0.14874346820363615	-0.14059408624474448	0.030564359289464268	0.004421838320453115	-0.003744297372851288	0.0359547968296618	-0.017761009132663846	0.027625127661059644	-0.03452891566134433	0.08834109805931276	0.09011035472038113	0.02990140097160737	0.12351696166689964	0.002367607259786776	0.011901584769179099	0.03809355584322798	-0.0031521093352493493	0.018673247757014035	0.012752016189188116	0.09968999626059014	-0.05715311161617119	0.03671199017034595	0.05573237238446781	0.022313527360640798	-0.02271608877875221	0.032108904039022966	-0.0024841637532427123	0.06391289349803903	-0.05529716205529715	-0.05997581592289815	0.06587274744189457	0.054723067220960195	0.035639981313707395	-0.11347594481018466	0.09108964669212147	0.0005819268652526812	-0.014139707001523795	-0.016624097129948008	-0.0501477035348308	-0.026300804068547356	0.003059008958047968	-0.0778104392917029	-0.060154107056895695	-0.002125878009431738	0.023882067860057074	0.027249080119339616	-0.009407692549182618	0.04066506007631859	0.059413146316083174	0.013092318607902883	-0.06032047175758326	-0.004769482493846254	-0.059025454811876266	-0.018704386082619005	0.0036872444494677873	-0.026875564784056546	-0.014400965366463717	-0.03643122168600401	0.008567494144564593	-0.013001116346389795	0.0
MMS916	0.0038782859431104825	-0.10477258607051566	-0.020463952827326926	-0.10783349057104229	-0.06478355023910497	0.034235575242540416	-0.04494886942526578	0.03498405361306566	-0.04397597274638893	-0.0028057057918859114	0.08237130390817138	-0.018825857558320475	-0.0020765367918241756	-0.12529566711005502	-0.01999158651629556	0.017848251308080976	-0.017078378619050844	-0.009921500179359265	0.0010598035689879616	-0.10317029996418985	0.01462198134946397	-0.04893890006261241	-0.023147240614166745	-0.008951399091327908	-0.01291092672711713	0.027448405826930568	0.03958050379307025	-0.12468125684255403	0.004274301329112028	0.006891111062898662	-0.006441051992139567	0.01103146206584902	-0.029766325553698875	-0.004345122421153012	-0.05272445864205585	-0.043103446580402	-0.028421738283343403	-0.05976329177838757	-0.004708514026079472	-0.036840058088926673	-0.03841952238021601	-0.1292025387769843	-0.02825540042803151	0.04408999223083176	-0.07489794416513712	-0.017304310799445843	-0.06200228400645353	-0.01896667874945779	0.009275316274030733	0.03929043475954194	-0.06320486568350542	0.003284313119809144	0.07121598810060553	-0.024727933713499375	0.00995677150079908	0.01158624617060504	-0.0011249341947199463	0.025592978117278137	0.011288778999227917	-0.006497180670383913	0.0
MMS931	0.06689426222035015	-0.1616243147883008	0.17593708779288159	-0.02863205829695456	0.012707836873804324	-0.011619000732325377	-0.16328901602922777	0.08714813348641144	-0.0019659004760917416	0.02187959097393136	-0.09696966150438487	0.04938834055375318	-0.163443234879184	0.02241764830578393	0.08464640540398012	0.028791102825464238	-0.013923288035292972	0.023142117000987526	-0.024786775487950125	-0.057430308922293026	-0.024793306975352983	0.003680353788112545	-0.03941801682714574	0.008946097460432302	0.014438182180291428	-0.007035440730384169	0.02025339240917865	0.02247811620863431	-0.016120929465234926	0.03745868403681538	-0.034672089211126876	-0.07438524547267725	-0.019542896827246605	-0.006168823027448258	0.05123733998686313	-0.007945171885920328	0.03451229953619691	0.01983261429283163	-0.015654510668848546	-0.02545769563121187	-0.011105982725833052	-0.018761314861740336	-0.020411318146354506	0.011486671230520537	-0.005521771784497862	-0.006663306301474445	-0.011364046299228714	0.04530282849037443	-0.0025720409791433617	-0.016232255328481028	-0.008365661611739635	0.02311768901550731	-0.021276669816893783	-0.018814237556375013	-0.0982730837013566	-0.019132952362324998	0.07300328300641609	0.01343004292191086	-0.05861062623824878	-0.06241831720130146	0.0
MMS915	0.10787339112972848	0.07768790875859828	0.01610413919107298	-0.08865604060072539	0.07291327497620607	0.06390376068851163	-0.2508125235496055	0.1590783788951414	0.022782171844660616	-0.0636044634053765	0.03475035771373627	0.043461019251691754	0.08652572311659826	-0.058341001054160034	0.007764500054742869	-0.11172329027538291	-0.0200807153576802	-0.1121520711177651	-0.09149388859062782	-0.030447971277746816	0.043678332921882154	0.019596736573880856	-0.0653990943198407	-0.01629770502648008	-0.08031980926975443	0.026738978359589535	-0.038142841054458324	0.07966951816725061	-0.0698851427031271	0.05633304579308622	-0.005903251363095	-0.032001300001915464	0.057506561941370576	0.04905191657619814	0.0066689413651407495	0.06501144137662292	-0.07127119632956258	-0.01649678143320173	0.018312895738891877	0.06606272202446248	0.02883512669018572	-0.019352589761489472	-0.010048009388634512	-0.06236601780106933	-0.028475059968490785	0.03625641741525971	-0.0013336730747190591	-0.018623629820315117	0.01380481529356195	-0.009036040209480583	-0.0012288038950966137	-0.06781332041374927	0.0037328582263878515	0.031094874614245965	0.0007346736917326033	0.00599135957233097	0.004846151648305796	0.013392266520730983	0.004700210572026642	-0.0002091913494145112	0.0
MMS932	0.028144398145205352	-0.21327131574461164	0.09477407468821078	-0.05978117834272969	-0.05151586450089019	-0.016723751078698838	-0.07862392548061799	0.018179349561095483	0.09703788673203742	0.05669209669749832	3.1237451803239446e-05	0.04746175889862743	-0.07222947971328365	0.041016203892676	0.10988018892341896	-0.03867929502598751	-0.011280527449725571	-0.0007738558509676086	0.05646388946433566	0.07758681547140034	0.01789087889391696	-0.030291571548508096	0.06027694352765564	-0.04570297791236254	0.017999160170832206	-0.011429638452204934	-0.03749418669311796	-0.005687329827070312	0.035289923512657466	0.02446417818697991	0.07179326711175063	-0.0316545352386888	-0.013343026691297223	-0.023352541435737867	-0.043760939323433466	-0.020547037812085462	0.03787283915954637	-0.018107491780135543	0.027301973671716207	0.025728206953083366	0.05200535657659785	0.002879051799391808	0.02396032931652003	-0.03979031307221777	0.06330123591218484	0.04001531692594592	-0.0884854145510499	0.04185692322110515	-0.04859721579135346	0.010639761617786589	-0.012847245758778493	-0.032431009215904076	0.07826926894868663	0.0021939224555452114	0.06383815485372772	-0.03987111371014798	0.016838464978035067	-0.0369062776869679	-0.030472479158118515	0.03185296844879138	0.0
MMS918	-0.16257389280870171	0.4251235069836363	-0.03678191631097991	-0.15441467349278826	0.2726158619200345	0.15238652998597574	-0.10052875201656235	0.11904399430611823	-0.045970465638017655	-0.0768871377152253	0.10519856830587537	-0.03118620784890448	0.005318498640092297	0.07537515916781767	0.03685105087967353	0.02630132256979449	-0.08340956607259455	0.045033725732969154	0.13675820939789707	0.04440172976273482	5.515432194249237e-05	-0.03101832456484713	-0.0439917465347567	-0.06884396151941562	-0.05795475058559502	-0.02767953005325024	0.059253602133137365	-0.06024097713375299	0.05027610920547572	-0.007807908002936489	-0.009966065776168495	-0.00152708534240997	-0.08786341220391933	-0.05095975393647571	0.0635413739776449	0.0400263036678482	-0.041758963497669895	-0.02434617300301627	-0.02078424565411858	-0.022933554540993367	0.0030599107160990346	0.03167351389960891	0.017436916310027736	0.027398454611166304	-0.00018659561866121523	0.010562551867087685	0.003923537100927694	-0.01468093662790347	-0.020761296931308904	-0.01917397483133534	0.015512692656748182	0.01749845437262326	0.00413510623801033	0.013864794399822947	0.005117589689097011	-0.04567401430450994	-0.011023400952628166	-0.010478836873658791	-0.007953886838521489	-0.0060744736934994145	0.0
MMS914	0.0015644056882154317	-0.0232279822516893	-0.06988446472570041	0.03787730167645431	-0.15721453813757696	-0.03400079633256491	-0.21265561750019144	-0.11510532882350366	-0.08949546150664232	-0.1710563164207265	0.08486789615140558	0.014070787622715533	0.014372416504024642	0.07549460970002704	-0.10828337709403459	-0.13333926865806187	0.050304825427087696	-0.0037641775430898817	0.06167664246216348	-0.0058384250119920015	-0.09058983786190385	0.029688881137796035	-0.022508510456196874	0.11533869598120751	0.030530683947470317	0.015279562111044875	0.035413880665847844	0.07968858602303223	0.09785883698773767	-0.023730614732985298	0.07219777915824284	0.0469323141861891	-0.017573592318875383	-0.039018489061409777	-0.0017319572294984505	-0.043444862696700094	0.024746863796631123	0.028481569245288572	-0.016465403884202864	0.018271508812891392	-0.04006518223006364	-0.02204163324694355	0.01744915270071943	-0.013614649892500736	-0.02263326132232058	-0.001832258215557553	0.02590128162305174	-0.058536875172716336	-0.0418967019126008	0.010441625773300059	0.01821976987211939	-0.01625953582793225	0.031691678229195844	0.004754330786115991	-0.027282396818432038	-0.009177371541156611	0.010426772028048443	-0.010429856952472689	-0.03003455087375355	-0.002323020935031052	0.0
MM9362CU	-0.028563325329967266	-0.1487985942480941	0.18352267297269656	0.03687647752522146	-0.032029607202915755	0.0068473583117088675	-0.2681321695459709	0.0252948184318029	-0.0938415625442355	0.031909834708112185	-0.1346717023568609	0.07275481214833991	-0.16588230173909319	0.00239096235828223	0.056197239612663284	0.08584708235017037	0.0020466490750120684	0.039817015328737944	-0.019754911418184584	-0.04252556708838152	-0.06779681467307944	0.025541978752986336	0.016222597914822737	-0.03690572391772727	0.018624645073236086	-0.021229020304552215	0.023965804746825744	0.04288122892304983	0.019466861692037367	0.040486682785342856	-0.029106136506787835	-0.005256512508430269	-0.00855936602926989	-0.039607345099401225	0.028246714759295712	-0.010707485032869111	-0.05184886843547482	0.008723853198999057	-0.01821160588327368	-0.02909653239141235	-0.022509254663210507	0.027684616833371735	0.011252717924558554	-0.01845087548805414	-0.009066395681397794	-0.006179464351732105	0.04111677249850785	-0.038741282381691514	0.006493408437628637	0.04534273278113552	-0.000672404085797893	0.01596625347879079	-0.007667927195531095	-0.005367803042013821	0.060187378774315396	0.04080487968569662	-0.07643175843729932	-0.007517366139515905	0.049115650713659906	0.034619302722744286	0.0
MMS913	-0.012398208745298374	-0.12663661535564147	0.0018912121397647941	-0.06951272031513388	-0.04805571876761922	0.04129081832826379	0.00732316382608713	-0.08602584020173268	-0.10559854795008079	-0.0643765815802346	0.05310230745041298	-0.1644551701154084	-0.031072831831519702	0.00022427733852574497	0.012416071498136259	-0.04658263453995266	0.016046901268226273	-0.031131518872326888	-0.04874901571479208	-0.10719963067115365	0.03677623006707541	0.018779447521613354	0.01632846028744532	-0.035397048917414145	-0.025930182827338603	-0.06728963820633901	-0.03688286929805179	0.004739291952413946	0.04599615833515018	0.0602264656457595	0.02336551299415108	0.01323757655389052	0.03616676186960601	-0.015063161532726492	0.05868548391747807	0.05835282591999686	0.08501792133815593	0.011892570672355801	0.04560336989061593	-0.0033373331436408866	0.009884223520113465	-0.07917765257017906	0.04247416576488365	-0.023467090711917916	0.0620505508458177	2.7283811082052778e-05	-0.026098459127242325	0.0010560776199073816	0.030495220772327157	-0.05777230117258023	0.05239096683022753	0.059343018711434964	-0.013137429508252378	-0.01693634070654559	0.024591672338702117	-0.03992865812175848	-0.03220658029690005	0.03439822493388401	0.03991097228964303	-0.024488803043541812	0.0
MMS890	-0.008835931756457562	-0.2649359985159021	0.07867346615422463	-0.06825057953187029	-0.06659043677802015	0.028510165118163552	0.02650841124219052	-0.007621166673877929	0.01673091160026179	0.029239408755159645	0.046130699525284716	0.04238432635900584	0.034445534905278276	0.011079956786483772	-0.0025384834867068925	0.0522450826209799	0.0032990441548156504	0.017296333462661198	0.016735329402846135	0.05056237889385143	0.013624730380926348	-0.017132422427952907	-0.03968798525417565	0.009357640584243335	0.03320565596580509	-0.013893863237963997	0.01621370350962735	-0.0322064505516195	-0.012772280643382148	0.06330153452318336	0.049719973617777205	0.038600554798785644	-0.08167478884298676	-0.0476501426914134	-0.015105575545252579	-0.00013841711650860628	-0.03735601503458039	0.027282504471711752	0.03560032620640845	0.017295809322232895	0.0470991223166864	-0.0037970487138383508	-0.04288606868722204	0.05072738542291202	-0.00795076982980337	-0.06573380688268052	0.023346262676935053	-0.02030448992543268	-0.012643933468390656	-0.047384475398353026	0.07314685199721613	-0.06962153506780162	-0.04714602565811403	0.007561149369051262	0.0776923310835466	0.04602892916797405	0.04776948594768354	0.029587614502855644	0.005820615772772562	-0.05380553304208184	0.0
MMS891	0.016965777974907118	-0.1609152986696117	0.0763883476041718	-0.03686784014890247	-0.06370462039617555	0.02037159360062253	-0.022609653065805906	0.041078433009276806	0.015113252631340496	-0.011261644496085367	0.10700672550019255	-0.10969323391684041	0.12761669394345557	-0.005184800031797686	0.043980916558081444	0.04843175909591047	-0.15139303428230044	0.15198930916041423	0.009713209780366603	-0.05460567784240142	-0.06235124342985432	-0.11936987771175273	-0.01061260240565653	0.07345894101341542	-0.0267574438931949	-0.09702118080608943	0.049535459554565967	0.012016680464811259	-0.019556917517577842	0.07265979186309117	-0.032625345488870305	0.04832866870425965	0.12042055428977257	0.05667431933135594	-0.05000915512182278	-0.015972983257366253	0.010498624077781337	0.04133399739499688	-0.01155181522335519	-0.04414218820292146	0.01710532862300118	0.06406798030639316	-0.022759232164241666	0.004103781543157321	0.03843698630181409	0.020320487239425332	0.019795101120992666	-0.016007163608118564	0.0011485853410370492	0.028671989400547642	-0.011293925870631504	0.002538363560840057	0.010354431986281403	0.014806795796928788	-0.0025588636594643236	-0.0034101263134104685	0.005380828903841136	-0.009018093556129661	-0.014385548395029169	-0.0010799054022111393	0.0
MMS924	-0.24977352853688495	0.03021110697674998	-0.13028774071468982	0.24569335342004514	-0.01700788234501915	0.02628236606217586	-0.053217955881598986	0.01684172690320364	-0.004735637827917146	0.026959797414444153	-0.01739623036576573	0.0643861416313504	0.035926523878675704	-0.09335532578741143	0.021864261429181277	0.019778978541474534	0.026431785795185375	0.09879385862543123	0.06295201481311855	0.05755779947015765	0.009139019539679164	-0.001020413443635044	-0.05301089595886034	0.01020126899991202	0.03605849928152172	-0.06595575924929638	-0.01690467618694069	0.07205873636386913	0.003228826746261034	-0.008556001938816322	-0.061396194481045455	-0.0044960392835016304	-0.014386326337020824	0.04521663099372101	0.015055627066852728	0.05335354966337415	0.10602316670039716	-0.03576085218598525	-0.02722861267120951	0.05300373733257322	0.03056616781647686	-0.02322691086832361	-0.0816498756158514	-0.009399629307197892	-0.08151705147362745	0.029719876397949558	0.012605098678971098	-0.007938216533541792	-0.024109031532280938	-0.05232500831894105	-0.018935658821696733	0.05501667128291413	0.014312861850484804	-0.02620610045165788	0.05156615515572544	-0.00332441936464927	0.03505394714868417	0.005717632168960095	0.016233438411086744	0.018425580979670834	0.0
MMS912	-0.12983537869565795	-0.06714818875033901	-0.004324946530469932	0.030503348576396545	0.04252580114633034	0.07103878463204315	-0.033565550613811064	-0.1254385568165508	-0.08175273791701748	-0.0739151115561948	-0.04301643799798344	-0.02925145466320173	0.035076863043081476	0.05516711426246078	-0.005651751124281599	-0.06939422474230023	0.004508315119711519	-0.0668637662404383	-0.03256840367232649	0.008115274001925356	0.16759876844608979	-0.003744230634856556	0.03262570362620297	-0.06296641254479833	0.0868498597832307	-0.08245455936423077	0.058697315964001365	-0.016151024109659157	-0.06391859992744871	-0.009209174065901353	0.018897545084876108	0.01775675232273691	0.023297806201910937	0.02255667807367329	0.06194561364551386	0.007551324081475805	-0.015926965985538753	0.026934306492720328	-0.0013038936700873497	0.00029655151257030287	-0.03919243157908636	0.04586166400620874	-0.07942231368942958	-0.026618178662920614	-0.024903773890885026	-0.11933750007804322	-0.027323329859200416	0.009283918858155542	0.03745187205011756	0.04293761628454781	-0.01117990924635949	0.02054441088306366	0.0202137335671371	0.024230670085043277	0.0142870187112902	-0.008539487064372096	0.0079113256615665	-0.0397778571198718	-0.036645427171827796	0.012650900993880063	0.0

Biplot	0	0

Site constraints	0	0
