Eigvals	61
0.667271671238389	0.5800218741354077	0.3894958402175429	0.27349040075165126	0.22636001323666943	0.1906631565665782	0.16245197873532005	0.15548631999270066	0.1282425871868326	0.11556411031310304	0.10793693529607551	0.10411088513679474	0.09783201362119394	0.08402444472092947	0.08234576800857547	0.0736273639604233	0.07340212405720711	0.06762695065223748	0.06593006499992694	0.060560403873713003	0.05743138353397535	0.055647982335500584	0.054294925140119694	0.05073632543574285	0.04866172877059813	0.045941278420257955	0.04442803243616559	0.04143812599216393	0.04019333603483964	0.03921873431287162	0.03548692677480447	0.03384143807002674	0.03025238673881152	0.027854333815937483	0.02747438123901177	0.025379904927705962	0.02423536057991014	0.022785161187736287	0.022048531434911103	0.02098911877565615	0.019627419581139255	0.017692649312497765	0.016586103807033157	0.015644155433746493	0.013781878705162096	0.012138890865931163	0.011344181828843848	0.01063229551604341	0.00981175346519519	0.007488603731210377	0.005221997837632198	0.004323322588340003	0.0030778009841579135	0.0024845397197310226	0.0002567615384453368	0.0	0.0	0.0	0.0	0.0	0.0

Proportion explained	61
0.14490480913203693	0.12595763103206983	0.08458297095049574	0.05939121354696939	0.04915637202507073	0.04140443765508116	0.035278094345104254	0.033765430921666985	0.027849178108248572	0.02509591830319328	0.023439599913401835	0.02260873432752848	0.021245213714036603	0.018246760127123465	0.017882218458290727	0.015988928620002164	0.015940015491225264	0.01468587802964469	0.014317382104872987	0.013151305746268263	0.012471807253160558	0.012084523600325088	0.011790693511183852	0.011017907503375309	0.010567387802410276	0.009976614425147582	0.009647997716322267	0.008998709216202615	0.008728390455568296	0.008516745809783422	0.0077063459646685714	0.007349011408186921	0.006569612520849736	0.006048851013872104	0.005966340459308226	0.0055115036916119796	0.005262954281515333	0.004948028779378627	0.004788062159581908	0.004557999958834653	0.0042622931719565	0.0038421381907454448	0.003601840614545813	0.0033972869745118824	0.0029928747005639467	0.002636083232393015	0.002463504107130703	0.002308910776218557	0.00213072175008726	0.0016262262300489971	0.0011340097782746538	0.0009388533358788727	0.0006683756907109345	0.0005395429918378286	5.575837147682164e-05	0.0	0.0	0.0	0.0	0.0	0.0

Species	0	0

Site	61	61
MMS930	-0.08650336333500253	0.12262185242588239	-0.09104602363480169	0.05316495018530015	-0.002993848720333541	0.039252456734748246	-0.008548782628302715	0.0010806427971200448	-0.013150435742293493	0.008430280853087878	-0.029117663687202595	0.026141333535052737	-0.02799353371968134	0.018465646259786788	-0.061147187599872234	0.031807250736627775	0.025424251732991114	-0.011706829787382023	-0.03368995680815881	-0.028340430861497023	0.030006293064421676	0.021096678101354707	0.004685958257501934	-0.004115592045719044	-0.08041228023366404	0.00070596296366679	0.014018210160619025	0.0004921029700491813	0.01082465119583568	0.04224336021020481	-0.009111467091885178	-0.032140413285974584	-0.004655955367803028	0.014733469002899761	0.008196897341482077	0.03431938541394651	0.003159625261029794	0.04556759561313416	-0.02489175982425244	-0.0030172773094103923	-0.03257029255671227	-0.017391424675846864	0.011270875436246637	0.0139358317371431	0.004717489061959702	0.014307457690155163	0.012477389704058971	-0.0013831813202701592	-0.008859348396922491	-0.003007374854081563	-0.0012816765149354743	-0.01133769213395506	0.01358228820528958	0.002222664001590872	0.0016907877355350452	-0.0	0.0	0.0	0.0	0.0	0.0
MMS925	0.05684456602754829	0.07335544342996189	0.08054731109678544	-0.045167573775503865	0.012362607065730577	0.009204555177248412	-0.004838505498424343	0.05164365869066479	0.00794616592192457	-0.01287939363830647	0.048594738356581825	0.042939906015440114	0.04019048433562292	-0.0532511132918412	0.057317291615898214	-0.04550982278280607	-0.012506313434174562	0.04670615580640381	0.04585370524347646	-0.008123525501660716	-0.06578940532071513	0.028989419384619214	0.030597995598184977	-0.012232227772343791	-0.023462967583359192	0.038496617626288115	0.01730020083145437	-0.01888898801940649	-0.004785969970415393	0.00571366526151862	-0.04893817387307028	0.00026159030724101943	0.00012391174222712241	-0.030202876848340887	-0.021290063027205142	-0.003875627686471191	0.025794068718338732	-0.007610043122705221	-0.003767175251427235	7.88238418351314e-05	-0.03142824918791679	-0.008316455734894857	0.020903030676990546	-0.01593504033170319	0.013018250150732642	-0.013962975896558125	-0.012909105516693288	-0.008799170147066446	-0.009843014707167488	0.006857083681717518	0.0223484672887763	0.0003215617346892063	0.009599656168501692	-0.006757785204297419	0.0025519575554817657	-0.0	0.0	0.0	0.0	0.0	0.0
MMS911	-0.1354822184116866	-0.14702149466693132	0.03450794307640859	-0.036977522356881135	0.023067645548724054	0.060545777101329544	0.003823085390887584	0.007409011709743011	0.011524029571263347	-0.031070123303389797	0.02847529568839662	-0.003214008604196971	0.03865157811592747	-0.000296357578604061	0.024812524268237348	0.02254527347457686	0.02268148202296478	0.003098476928189781	-0.05336585585361985	0.049540784988820204	-0.08307953896405548	-0.01621156559486199	-0.030202498594488425	-0.024151032852883468	-0.00805408920891679	-0.048075567926295755	-0.014783872815809727	0.00990733684636597	0.010228311269863328	0.040174503453541136	-0.0005446756018636024	-0.01366880732867652	0.002176538681841118	-0.040473201561194404	0.039635009964175634	0.01256383440871658	-0.03988602346122563	-0.01832594815755448	-0.014194688787285175	-0.0022193987694706153	-0.01812279077154498	-0.029491253368280023	-0.01208500819286021	0.009516141945172644	0.003610190550067743	-0.0018934299382635665	-0.008022258178751747	0.0006265156894307417	0.001854636546866974	0.01843309513147488	-0.018530713858394308	-0.0035098312487500853	-0.006655154176622577	-0.0023552841659490306	0.003075116520426716	-0.0	0.0	0.0	0.0	0.0	0.0
MMS920	0.04466250577584925	0.030733690410862685	0.053356876933801436	0.019966715504374555	0.11077615626794172	0.05382544543324862	-0.011954320270362969	-0.0722208236804451	0.0322632773207505	-0.06877426813083232	-0.04299000416261474	0.019241616281396607	0.009350921488683212	0.011572705353002864	0.013590494394251243	0.021825414319018566	-0.004809315604233217	-0.01450610023543699	0.09283108284906838	-0.034620413023422635	-0.0033613814149612083	0.013153762071043334	-0.013173733586641064	-0.006753453971383314	-0.04077699659814232	0.010049324351592615	-0.06891467459780781	-0.009738960409366566	0.014262531268750035	0.00463442488859895	-0.006718937548654084	-0.01642466172919311	-0.02958634702546613	-0.02365419344490822	0.013853500191958855	0.01574347860016221	-0.01690465598457243	-0.0006471827192069303	0.006133189596051922	0.02614390127808387	0.04877560565646565	0.010865649578297956	0.029849537567542894	-0.0061169465900346425	0.0037292697165461873	-0.007721202523615338	0.0002898408306849814	0.007222415748314429	-0.013098355063750391	0.0039015775073992565	-0.013119003069461862	-0.0016945864826849774	-0.005587162422898487	-0.004861278155071871	-0.002322222158420062	-0.0	0.0	0.0	0.0	0.0	0.0
MM933M	0.18108109869848185	-0.05954857972395757	-0.21148814644184552	-0.0997939391409891	-0.01705014843328076	-0.1267968676152865	-0.09975703500981858	0.06869883250622412	0.0926852134463534	-0.11320313192048263	0.08934363825525117	-0.00903339062272068	0.09127034242079102	-0.02390488611426304	0.012178403955536123	-0.01127642796953859	-0.023747783617936315	0.007617383953209348	-0.005717503122696994	-0.026960424188585155	0.049938305105526444	0.005071712251784173	0.002591730635498297	-0.013402987397962913	-0.009893315100255934	-0.03286150364743676	-0.018319024624151418	-0.0024449823133508605	0.03599124229519049	-0.0030421329213778203	0.0028331382711461826	0.007056596601767988	-0.0007407470317269528	-0.010452014183158864	-0.016016717714154586	0.010039118116579739	-0.013338870782679414	0.013071273595718884	0.004655174229592358	-0.0046835671519780955	0.000774725376391324	-0.008664255466108783	-0.0035083902264371595	0.003764903711636362	-0.013898854744798577	0.0011486519258366574	-0.00020543417756636303	0.0034308919756384218	0.0017564974480798253	-0.011408587849554189	-0.0025691236155902055	-0.0073759563126988975	0.001903612354320775	-6.046916566624206e-05	0.00037713007476588515	-0.0	0.0	0.0	0.0	0.0	0.0
MMS922	0.05353787158048192	0.07456295710014026	0.06758435045150814	0.004603255843737667	0.033511103607259826	0.030246838897331544	-0.026869406042667587	-0.028855137846334474	0.03628321642932522	-0.015658648422088965	0.09091770262370676	0.03604229880575485	-0.01452372369492086	-0.05019825127748742	-0.05076755811169842	0.05134321566342224	-0.0012604551198228124	0.016183648010147756	-0.022582366039036517	0.0075048939776215075	0.03705095303082497	0.052069451470816576	0.0015909755106011184	0.001785927708141376	-0.004026702018101136	-0.004789053888319353	0.04177395254733284	0.024272232602839033	-0.0406229800856391	-0.025639549714346687	-0.0009221018222348945	-0.025041211053484176	-0.04235926080685227	-0.010154779396709515	-0.033787305582541886	0.00044793248859315303	-0.0004769758193813181	-0.024695103394733853	0.005518987634825528	-0.005036280531161039	-0.022501756162070424	0.029316003113722303	0.02090174817983263	0.021290433511787225	-0.002786242060646987	0.007544421678225333	0.009170830133410251	-0.0018475083225001747	0.023193157308514335	0.021297236039131702	-0.018647731113828364	0.012886741072702957	0.00047732797310591496	0.0022223975715987866	-0.0005602489355882189	-0.0	0.0	0.0	0.0	0.0	0.0
MMS910	-0.1881319165619166	-0.1364934613177167	-0.05473594732481633	-0.08104666922667125	0.002850730368869959	0.08008626585273095	0.008455661958135217	0.025625916947701683	0.02029651205873715	-0.018236679418634327	-0.034930056099048576	0.042034014043764785	0.024443519006152506	-0.011441818214556664	-0.04239597616501858	-0.0507669492533651	-0.012505313620909264	0.007131488136603685	-0.007619953662736296	-0.01581902287423711	-0.009412365251662069	-0.004769710124669526	0.0062356112112239535	-0.03702182074001811	0.015440330902072837	0.04766452565276533	-0.005255714838109225	-0.07248736940179976	-0.012677748429054739	-0.007779300982851837	0.025466441139879645	-0.005858377246122192	0.01705683309474412	0.02828746040730319	-0.031229101156673347	-0.02933135552876236	-0.016285680453152783	0.0008830611979025618	0.004573468928510031	0.00854980765495661	-0.016214664472358645	-0.023358601155927097	-0.004623202980114072	0.024922418092255285	-0.005547681071090678	-0.01096349509081061	0.022275438687897223	1.7063415476390233e-05	-0.016100442384963196	0.009109627319425538	-0.004842345879908104	-0.0035289012642919764	0.0009204202399317464	0.006587727816603635	-0.002502669077651569	-0.0	0.0	0.0	0.0	0.0	0.0
MMS923	0.05656543303185134	0.026276200994599142	0.08253067130877746	0.011521418819373111	0.014353542129038577	0.01939486604407809	0.025744954121247474	-0.05357276712617046	0.05407907759689601	-0.08364051254725607	-0.0013078115775946694	0.06611633269278243	-0.03687303321752198	0.004049817336156736	-0.05273680156856342	-0.014132942586087813	0.022195083231983177	0.00033604630183076074	0.018993019179548938	-0.029303401336393104	-0.04988554606505652	-0.000280252476804161	-0.0033372296139225002	0.01603365490437942	0.010535760994380543	-0.006622945130410158	0.061677222848587135	-0.021121840102194044	-0.0033418302287993853	-0.007017522208827879	0.05413404924019533	0.01854384833140211	0.045237271456092104	0.0014522516292390427	-0.012613692355297523	0.0189240771910284	0.009890907188841546	-0.026490382693633987	-0.0034848580814126435	0.013544739080647274	0.024746827005942173	0.013699742038142159	-0.00641330114133871	-0.012904423393194078	-0.0010925247021378712	0.0033249497941904684	-0.005259945799610387	0.01452391072179081	0.013105742893648981	-0.002587782315044069	-0.0016224348208470727	-0.0222664013746679	0.004679926386383888	0.002480841831401259	0.0023543297335949748	-0.0	0.0	0.0	0.0	0.0	0.0
MMS715	-0.1075569858573733	-0.1696670384865284	0.05323981792712955	0.013185530049850609	0.012891558450609153	-0.13321865916600492	-0.04537675881939012	-0.0701800874110856	-0.004396387880865905	-0.0364924365351506	-0.03971776684207457	0.03422006051195134	-0.04373191687262647	-0.015239625234676417	-0.038317545666440585	-0.000920584586086173	0.0007917525110552324	0.007212037829031511	-0.0377690687428035	0.03176016995978886	0.01637413842329833	0.00765633500497597	-0.05939972170284008	0.04820995023339329	-0.046071659307443794	-0.013323251087383097	-0.006438128101315367	0.03016050573655688	-0.050777299198519595	-0.0031862070629091084	-0.032137062131434524	0.039654441289633975	0.005408342111684699	-0.025343544715560242	-0.019790094439078646	-0.020944069426033052	0.007503835021155799	0.015019123564605446	0.011881173481769373	-1.1505669532450563e-05	0.009677331048227744	-0.028019695656377377	-0.007917975031619652	0.007836218287882326	0.029425326001331315	-0.007343968796496095	-0.01187415846192785	0.013699207932638072	-0.0027001744047115165	-0.000849589185639821	0.009683739400039708	0.0008352304261533964	0.004381553517568519	-0.006174416904282246	-0.001942512153488867	-0.0	0.0	0.0	0.0	0.0	0.0
MMS714	0.003207059735047419	-0.09537276220719178	0.06532995614799716	0.09050745200926383	0.12578523656457058	-0.0017311411239923067	-0.028791812822700907	0.07453088402506515	0.0462509321722135	-0.005514176744033666	0.005789609543901981	-0.03793102577219167	0.016117937759501925	0.04597883989776914	0.01862320875362876	0.03426428520418113	-0.027388431973014736	0.0477062399115464	-0.04911479299281529	-0.0019151836016097282	-0.007155214272555269	0.061496330364406736	0.02349883930132905	-0.008909914332940347	0.029142134182410656	-0.043519173469349776	-0.012208085089819005	-0.04380820496281633	-0.023416247984958404	0.04298690981546513	-0.0035940306215319693	0.02160354813110894	-0.02157386596161631	0.03437865643363131	0.00832044788936064	-0.007334009569285454	0.0331124920477304	0.010195190696545658	-0.004707563668281156	-0.0005415536961237096	0.018863248026099427	0.007746841405312227	-0.015412392576227917	-0.024966199404287442	0.013490239427647504	0.012616018860355151	0.01958676542200085	0.004710388603621794	0.0008809649074514043	0.00020303261086444452	0.0018442139972240186	-0.002866370460726969	0.006328765824288214	-0.0045828029123046584	-0.0012335979049206182	-0.0	0.0	0.0	0.0	0.0	0.0
MMS717	-0.015704289272868193	0.08154633657894385	0.009111152265280163	0.06667534711409792	0.025986758149665053	0.014323700649798135	0.025927455850951974	-0.0174740541793361	0.020720246979170763	0.015708525361366254	-0.020455611320304854	0.016893479965552533	0.04040670838198727	0.02540271703570215	0.02471805657109235	-0.037844098135881084	0.009921108255169954	0.05254736414104719	-0.04447951151100537	0.03518272049319512	-0.048080673663902014	0.002697607163501716	-0.0031192436297945996	-0.023805373806513538	0.009923128312653219	-0.022085708956948228	0.00470106657417562	0.0053480371236098905	0.003993619035451874	-0.05654533121629484	-0.03434755787512651	-0.006562794586378555	-0.0019287548515606891	0.03594432003808413	-0.018819475593189656	-0.03741609269427889	-0.025872590634661925	0.03246025977450691	0.0013697607394783544	-0.010503603783801918	0.013020979266198981	0.018442876729801955	0.03425914969869767	0.012585173482950416	-0.013571017298196458	0.026329113179961294	-0.013321337116521805	0.030573382139378703	-0.018890627178104268	-0.003779183649029683	-0.003221672876343673	0.0025637122390387893	-0.003709468668842903	-0.0028444606724845204	0.0018188319245937272	-0.0	0.0	0.0	0.0	0.0	0.0
MMS716	-0.067803041279596	-0.012873467095315215	0.031143228125999487	0.009967806961444252	-0.013094474731060922	-0.02603110350510007	0.009249913035368757	-0.08839118942252155	-0.04429269365393282	-0.05490864443221538	-0.01644690173310877	0.00654156937855123	0.015796727380809315	-0.0006470618994931911	0.015261549254576245	-0.0014895677632796947	-0.07562500465170423	0.017292431211607288	0.06932010750859142	-0.006794561983904334	0.024709632434707904	-0.05455262744297604	0.014439267510613907	-0.05228715374679525	0.0022226346817363915	-0.006400442512129656	0.01825849790072866	0.005382727414624793	0.01212969978616449	0.01661205330363881	-0.03559910193549852	0.004303349426687414	0.03722833312133213	0.03426238079731785	0.0028481549257813894	0.017493218169820322	0.003184122714809196	0.010569159717176448	-0.028484976091817518	-0.04372076411145623	0.0008146303895158785	0.012969777353800687	-0.0016052647261272602	0.022327658992419144	0.023589443159097744	0.008317648275734316	-0.014549178532939303	-0.008842754427574682	0.01593936914249554	0.016028117813951023	-0.0038515619580875965	-0.0033399310047905234	0.00460122923558285	-0.0031642934126269472	-0.0010599349444388134	-0.0	0.0	0.0	0.0	0.0	0.0
MMS711	0.1025751023181163	0.04555161195679144	0.08306503777766192	-0.07820000114141631	0.04996789346918821	0.02861232293493317	-0.007955557812594596	0.01477890099046121	-0.045156829797512926	0.02181758382389174	-0.03702917774587319	0.010891174729743007	0.014804801114094284	0.003093994083410773	-0.02186936070639245	-0.039749445790180936	-0.050812461673892154	0.043946605418754114	-0.011822298819122978	0.01204848926207295	-0.01614658664625951	0.01392399280317265	-0.03219374818343733	0.053809982347114226	-0.03660193587394445	-0.00018935739326603928	0.0017692136081580718	0.011277636221880173	0.04531038094263349	0.0028108293142220736	0.034852497121019975	-0.014594209780078892	-0.003302518410376684	0.012932038831472353	0.006609479677608853	0.03598767582377164	-0.029585333561463197	0.02421960801398691	0.011029086209995874	-0.023535832040198296	-0.019881478318940923	0.00291365165634225	0.0013411861517581387	-0.030617704000635376	-0.0027298415451632112	-0.011516861046852536	-0.00025977992445547747	0.03110201678867368	0.021965260088160722	-0.005598385592216034	0.01155238958716219	0.006592517802264986	-0.004189677932050618	0.010588862086725112	3.122571932926892e-05	-0.0	0.0	0.0	0.0	0.0	0.0
MMS710	0.08555036066963582	0.03774838989284863	0.049498702137917204	-0.030830572915424896	0.045195565939682755	-0.0675391723466773	-0.024565873188175654	-0.09777735242000014	-0.004540595332745105	0.019310334181416613	0.0018229037704749352	-0.02213018897763449	-0.024180173689595106	-0.018485307835506587	-0.05541525062357726	0.01457738253501473	-0.03950640624355821	-0.06914255510949233	-0.06427777902673068	0.03638881263420589	-0.010569254798126173	0.05236185483351502	0.011453682316996701	-0.042134420539204	0.013514189374694993	0.046197259823810746	0.010711495465966479	-0.019648278341482733	0.057978413832569235	-3.837811646037597e-05	0.009088566091800896	0.007960062287859273	-0.022310303503701792	0.029513032502884527	-0.00198057828292183	-0.0015446473941339656	-0.035611550431108384	-0.022112221951601604	-0.0026485184662701643	0.004260582728203429	0.024731279670466254	-0.014233522983268031	-0.007143594458682926	0.00696641236262906	-0.008215389828497864	-0.015383820722497766	-0.008097511233544593	-0.006510845563694161	-0.00399973581363744	0.004685842399047569	0.013093742137477573	0.0015233053238499948	0.009367526748978014	-0.009488783162626566	0.00038346443633052073	-0.0	0.0	0.0	0.0	0.0	0.0
MMS713	0.07042815390879417	0.019181711183395178	0.08179516072979942	-0.01280501049297319	0.08539318402530192	-0.03637378566459717	-2.7547165657570715e-05	0.04222978073334099	-0.11270774245841474	-0.009508722222226892	0.02527034083126361	-0.05612760029592257	-0.014537735951432219	0.0581323751831692	-0.0015063390495567792	-0.05575419333792581	0.05175007410040643	-0.014976731895114585	0.006237068507616447	0.005112932157316703	0.013188759122229271	-0.019223467408520198	0.011872491087791866	-0.06425559551959334	-0.03479153658089374	-0.005285678367348083	-0.01603548105020774	-0.008702246711800185	0.011405897760663627	-0.027369041161223993	0.0031696681682342777	0.006242808973959385	0.010456855482190776	0.014024118491855565	0.008047036425448528	0.011734796305176527	0.018351591864062638	-0.008727583451899855	0.015042146393622906	0.02312122158993227	-0.004112520987721819	-0.011761721195076881	-0.00572227339023871	-9.763780201844557e-05	0.0013226858369397062	-0.0008796569564226604	-0.009138415338759958	6.487700732659119e-05	0.015849580650137866	-0.010527775699755458	-0.018003934073215197	0.021450540043126694	0.015399994519553463	-0.0033044495022187866	0.001868698639948147	-0.0	0.0	0.0	0.0	0.0	0.0
MMS712	-0.1860513269637836	-0.15449121792766995	-0.045178624270683816	-0.11957758905456312	0.04637293308217559	0.06084732364381926	0.03943234453486939	0.03267111156048539	0.010426478235020693	0.01839824931952071	0.020244029691429372	-0.053559611848389324	0.007702883037218501	-0.030840055027940592	-0.04062486836795575	-0.0018575407215054287	0.06528814300739214	0.025685882175195237	0.017314731862585284	-0.025338270235452556	0.017710972231104575	-0.0406975354347857	-0.04768862017398709	0.009403855275040155	0.01063661822376755	-0.014836964783393688	0.0282210888198069	-0.004855312123481886	0.03400540183362155	-0.009940911432051551	-0.026507923139527365	0.0154628271473975	-0.023201249701840728	0.0070352222649295035	0.008476455225565074	0.009231714215205829	0.011710992408089026	-0.008419654756907069	-0.020157274128768866	0.013579925622299495	0.01566786192621882	0.004170285345884279	0.030642153532288746	-0.004746851657631497	0.008181278991041494	0.004292367167274612	0.004381432080525802	0.010365412017280213	0.0034821990917544175	-0.00235140127186439	0.008266417736385487	0.005349260390576768	0.009871216422718057	0.0060967062947746235	-0.004565400296681059	-0.0	0.0	0.0	0.0	0.0	0.0
MMS944	-0.04173920515203845	0.09993945396927446	-0.06249143819272118	0.06249302419777126	0.026602471053758073	0.0068296778459815315	0.02300370895380668	-0.03455401284067527	0.039051598085945265	-0.009526311048629083	-0.03396156983080857	0.023579963959700495	-0.02503588345361201	-0.0057379479162116085	0.047123864406728146	0.0369757883995594	0.027093094836604777	-0.0363766750696198	0.003727515546720714	-0.07385019352337982	0.005654316872030695	-0.01002632680391622	-0.028905264742284328	-0.027690101719046574	-0.013089000975706306	-0.07375753911907038	-0.001808948135310368	0.020141746091536978	0.0306141589601023	0.015631375678638995	0.02741671329252805	0.004277168035575265	0.01766723240296358	0.008996306982208187	-0.011943056405139148	-0.06299527947605565	0.016538825477206778	0.0012302517906402346	0.02406083846288171	-0.006122091458608136	-0.009073701404687808	-0.010202759171253815	0.007642342195512789	-0.006531626640758143	-0.012308307281451875	-0.03302659691509609	0.001544225364801068	0.0009770437416109336	0.004073088207568008	0.017922362910066755	0.01114739860433317	0.014631983169545436	0.0036246454873986697	0.006772500529122669	0.0021919125835942587	-0.0	0.0	0.0	0.0	0.0	0.0
MMS921	0.06536622877339587	0.026132384916381722	0.0747215133888206	-0.027630913853374742	0.11983265141958534	-0.023917613487277625	0.01385225975323531	-0.06046636473231954	0.001928368725110734	-0.026771475212752905	0.026283557969620897	0.0772031397900442	0.03921195714096236	-0.029613248901619777	-0.0041015831126375735	0.03867790397864311	0.026701204132146356	-0.04456016374174676	0.056201958403326556	0.006167965343366038	0.008135254977106003	-0.004564887756720432	-0.01844131228025631	0.012804132137785923	0.019830295569221043	0.025454182916038348	0.002239090453089186	0.004442281139584589	-0.03596989302081897	-0.03776588870941438	-0.021664585856570367	0.023196957404778833	0.00103570090364088	0.023687827820846493	0.030934247027782923	-0.007298219182956357	0.005043001605688128	0.034886173469104595	-0.02784159816522874	0.010905631094845299	-0.02104791006874731	-0.03577831595346018	-0.025580834772895404	-0.013670006418141199	-0.03091877706222053	0.018084917278764722	0.013517567968053331	-0.005956162754868417	-0.004762981598422098	-0.011854050345799273	-0.00040338511101977684	0.0075136721598841666	-0.008512762156602696	0.0047920322483279406	0.0015593739981727332	-0.0	0.0	0.0	0.0	0.0	0.0
MMS942	-0.08900882896590562	0.11065991693648622	-0.06413610195710391	-0.025396249413880946	-0.026959506831815038	-0.019932430078252454	-0.07833115513832493	0.01652849855394124	0.07026342813539106	-0.018229315392817275	-0.0233580962166969	0.022355322942149553	0.0007539946239588255	0.05792730168964601	-0.03695945125673375	-0.07683676438703321	0.021942234769577837	0.0053432260700798815	0.05673149278720748	0.06633265505485075	0.0010012801207636742	0.004144705766151948	-0.02699739750156398	-0.019229561586350613	0.06609532143662519	0.02680757136372249	0.022734753395281797	0.062268722443127214	-0.015046667042754801	0.056911143154920504	0.009622979155787695	0.020010443551088237	-0.01823312141091494	0.014011315413657128	0.021723007791881507	0.01793061781005447	0.023783929488049877	-0.009605401790924846	0.03312107977041419	-0.00032196132543697875	-0.010091157826282731	0.0029514744683660694	0.0015976395139664834	0.0045378807666735825	-0.0007117420511272901	-0.009576464586138842	0.006510300622110596	0.012304279922060976	-0.013898157414454129	0.0024401853617728535	-0.005850565113317617	0.007591229648352522	0.001839346711194375	-0.0002524443277068016	0.000969563700054936	-0.0	0.0	0.0	0.0	0.0	0.0
MMS943	-0.1070373229427883	-0.056565451287697306	-0.045144923632429876	-0.10204103133414785	0.10420121993963208	0.014945910831725985	0.05610470273240348	-0.00874522909580764	0.08050366100235962	0.025809763497327505	0.09368913475297987	-0.11412150301187891	-0.0651040414105048	-0.03113241021575614	0.005190404363697584	0.0014901574968740523	-0.031833508940234935	-0.048732801162637666	0.018907375023690116	-0.003148310150027026	-0.06974037586848358	-0.04674646511394729	0.023474246556699125	0.030160291961625937	-0.025896006702025277	0.00701435855582913	-0.008983868448800983	0.02850426392422208	-0.027061446592786673	0.007551040864987862	0.002283609654392405	-0.020739582586219454	0.0023358322184901135	0.021025840782297987	-0.012585635729291937	0.0036595344033708735	0.007855535646581325	0.0006963964570351209	0.0021402222732391026	0.002835246518572775	-0.003074048133918445	0.01028907672242175	-0.0154224358192547	0.010061891384210393	-0.009307043884705256	0.004677280090873859	0.0026534931345640624	0.006769988597483725	0.004900491564514127	-0.005725964893433118	0.010721318671237538	0.003494741861173755	-0.0011056348763723483	-0.005005997158096534	0.00021020772850071422	-0.0	0.0	0.0	0.0	0.0	0.0
MMS908	-0.001538293143811391	0.08591891318209413	-0.022385133686897388	0.12890983905626383	-0.0034383536951722088	-0.008156445719282476	0.05459924057048579	0.008351640959227417	0.0296977550574026	-0.016404111742475597	0.007507105154776079	-0.012263745829848545	0.027007398507242736	0.01961875175651769	-0.007989975116993777	-0.030526351223566894	-0.011203542195352353	-0.01767381886909411	-0.026439890065777665	-0.010947164299642135	0.015935197921533296	0.0031233795288296636	-0.034703150263505456	-0.0707997907135113	-0.006323663079536451	0.040127715868617186	-0.02771878144096963	0.04358534840612854	0.010460868053025252	-0.026671614257307755	-0.021678617004146687	-0.05404574747034674	0.010866665342900856	-0.016075376453215013	-0.005737656886136769	-0.009224244629630183	0.013862696497384178	-0.025801526165901166	-0.01299407722959251	0.02039179740473809	-0.018073949132722558	0.00391890246796554	-0.03824353834832951	-0.023839285877221266	0.025537328319180336	0.008141788809192571	0.019720242128302194	0.022132294175890237	0.011019301266928813	0.004250525693513236	0.01056859574875058	-0.008325740644449447	-0.009394055460405401	0.0013493020041477415	-0.0028999298475200206	-0.0	0.0	0.0	0.0	0.0	0.0
MMS909	-0.1614920764061352	-0.06789195764461127	-0.04341130942736155	-0.08727287657435703	-0.03608935054918041	0.07142991965473554	0.0394866222866128	-0.014056261428648702	-0.03267515911830659	0.03104740064700692	0.0003698847501597637	0.0558447037681951	0.001913884864337897	0.02123088005937282	0.02167219989785919	-0.019400820892179413	0.005892490023406714	-0.024010463760267133	0.010628092930449229	0.027355096014448826	0.03111180008317879	0.051563518482174074	0.01352281183175007	-0.031951861739828294	-0.06259699187369508	-0.03128452852621898	0.012170007320145617	-0.030718394940099383	-0.003216079815981318	-0.060582663151287394	-0.0011812077764257521	0.0313944051264851	-0.024296348040722886	-0.03256756674311716	0.02985778329208327	0.009652474283366939	0.015013093342020781	-0.011766651950257813	0.033074183562405414	-0.01519894364757704	-0.008987797251098738	0.027635861597825512	-0.020852800600220118	0.00137856809385376	-0.009832790142782445	-0.00912940564806375	0.006292924689930835	-0.0008185200840223881	-0.004682915812098016	-0.008275009139578371	0.005604639510479052	-0.009419155515710853	-0.0018338333123439792	-0.0053568464932691635	-0.00038751294291334583	-0.0	0.0	0.0	0.0	0.0	0.0
MMS928	0.007538615301974705	0.080246797952255	-0.01484038465751043	0.0579856769089847	4.3300374167636506e-05	0.023321199454862142	0.026575377726081106	0.08337345143802309	-0.0009826313143789967	-0.0181731376570463	-0.033087884122180916	0.002646747240020249	-0.04930246007370461	-0.1057131584704271	0.052187349904303106	-0.05570406052324817	0.034039968893665604	0.006689678201923276	0.009292082004665898	0.044249951414246494	0.02548430206091633	-0.009209160809191784	0.010170536275507224	0.03286210919768488	-0.005812546921767585	0.015226232878069127	0.011101534020582435	0.04161317433125387	0.027509886389910764	-0.0052748393296375784	0.0012565960635228014	-0.011166379143130551	0.0017147329895028562	-0.01577360643722428	0.0046844449944972695	-0.006804821742401631	-0.03586701891383218	0.02206563439482846	0.0014671539727593003	-0.0007188429165275012	0.04053039370771189	0.006225534909908856	-0.022445943843856155	0.0008456134570149229	-0.005290306939033452	0.008894781024504318	0.03215553078146999	-0.015869642276498366	-0.0072253584763190045	0.014548686161994237	-0.00047321509468985413	-0.0006631264006600507	0.01353739642040529	-0.004803414831690395	0.0004115730145051798	-0.0	0.0	0.0	0.0	0.0	0.0
MMS929	-0.030247334779688512	0.09519722749763135	-0.04471440381336072	0.027243333716458405	-0.047409325659942644	0.03625599301454603	0.044731647323795705	0.005012273893795696	0.013019214253716004	0.04182962661012398	0.015377766297624421	-0.03812975313378625	-0.04169527612973582	-0.0472789967212432	-0.036321350409188186	-0.040875885135750634	0.008362032637813316	0.024592933131691794	0.004976157299790394	-0.037988881481861636	0.0028276389978148177	0.02304893767883963	0.048675869274398355	-0.011981297127236432	-0.029395223277566208	0.010905596310653557	0.018909763635357978	0.026712552512656775	0.018406071176234388	0.027771693009439543	-0.002788897855830028	0.04190381549346042	-0.03557105007709879	0.008454933819551556	-0.0038350493596861685	-0.026315753007785377	0.02260098749265761	0.017589506853115538	-0.025584907686707792	-0.004121141686629063	0.012533472112684317	-0.022144961407662252	-0.0039679016294529345	-0.002267775731683095	0.0019379342409258404	-0.020589432054839072	-0.013620422705077899	0.008064458105060098	0.0071530675999649015	-0.01551234524989412	-0.020712582964160786	-0.009850203991696402	-0.019841551056020937	-0.008081421048956964	0.0011764835392862726	-0.0	0.0	0.0	0.0	0.0	0.0
MMS900	0.016247890048019333	0.015862785162217955	0.07520193666942215	-0.05279298967007492	-0.1243042703072078	-0.08815830461525133	0.0456716596734034	0.08018509090780293	0.03753142108178284	-0.024836082883684902	0.01881151739960734	0.02359986229711929	-0.014152690482830977	0.11812357403136714	0.011764816145839472	-0.012478649192723635	-0.0032620944043541774	-0.050349900313776896	0.01677744267732261	-0.01016462625894466	-0.030454757259404216	0.0028906074594137673	0.0072783158083355596	0.02356201473956843	-0.05005227780290987	-0.021109259156910417	0.034325933345665666	-5.4612035827580606e-05	0.004038758451328329	-0.010222529067961353	-0.004418784327991218	0.007061217178777393	-0.02672129490595896	0.03162077419967342	0.004305683113500736	0.005593229957100655	-0.010123948984889237	-0.00501962097041719	-0.02268780006569335	-0.02696872418208155	0.018214171958332106	0.0009509827763234636	-0.004909886034165125	-0.004471752788501905	0.0017254876016944548	0.004493977787907165	0.01464106835781564	-0.017389351054888293	-0.010576860526096089	0.021802184339651965	0.005444972834346405	0.00986155287413475	-0.011612919182872881	0.0015863680329812752	-0.0020122646893918333	-0.0	0.0	0.0	0.0	0.0	0.0
MMS901	-0.11337429410691742	-0.05111476065183957	0.05689456220001011	0.023756933036331702	-0.02807365609514341	-0.15553189953073845	0.03251021819606832	-0.036835811164973115	-0.04571512115309745	-0.006000793624624107	-0.019430259173946477	0.006399107685689015	0.011860305937794418	-0.06862452084496314	-0.0040025891667562685	-0.014260719536393643	0.08175035280625051	-0.007539425775651673	0.023055565982288546	-0.02105073099582273	-0.04072453456893635	0.05307271286412038	0.06381837468215973	0.00010662589229178076	0.0556408192858223	-0.0409898190851394	-0.02368946205521066	0.008362537032473642	0.016049864303272928	-0.007369906351545832	0.029082800318243035	-0.04718007768496722	-0.006965969904147544	0.0010471102049992586	-0.006577224631366839	0.025081758862189774	0.0009869825800192314	0.010137575888961517	0.0030649560917234676	-0.020621729270625402	-0.01809565353642436	0.001380520538591313	-0.0046992701601624755	0.009805194536262312	0.00792900218455934	-0.006525964210851333	-0.00880041157201423	0.0021170550673616393	-0.008515465325797153	-0.01027263450542788	-0.0005362737077320157	0.003260176940026019	-0.004502585323930504	0.0021571993624163164	-0.004781999405382725	-0.0	0.0	0.0	0.0	0.0	0.0
MMS902	-0.1532129908837354	-0.04631581535983408	0.012881615845162496	0.04402246202852544	-0.007399230616545129	-0.0644344290257966	0.001999971714150138	-0.05037322589156408	-0.014870517924928408	-0.02554836950493241	-0.01243075703520319	-0.003545463623428838	0.016586672483796572	0.010178513726173248	-0.05937004984907557	-0.052279436002537504	-0.023894297570143518	0.020239962658937044	-0.03512790790559518	0.019602315049778135	-0.005677963064177435	-0.0624958978657477	0.0021740613805077244	0.0032388750359067958	-0.0037793717034882122	0.026632849494494574	-0.0465315171238181	-0.006575850486199879	0.011613478992383413	-0.005387586979218251	0.019842827429983213	-0.007193032119289702	-0.046372153904538665	-0.03136746211244535	-0.015757353578112664	-0.02141274517724356	0.030457489357509464	-0.007213219579967697	-0.00486722881645672	-0.027969260566831675	0.009377509498966876	-0.0036479115995344978	0.02345954793503849	-0.03381668931547599	-0.02623673050567281	0.015980650520620164	0.0003521221078830426	-0.03501988058499251	0.014421878856352129	0.0017072962570410554	-0.0009825363329200336	-0.0033784837710726157	-0.00093255564744715	0.007767378327863391	0.001777352667615228	-0.0	0.0	0.0	0.0	0.0	0.0
MMS903	-0.07102581067539752	0.017975383020673506	-0.010010915758012334	0.0012431837662257724	-0.056570025195852275	-0.012781389368489606	0.01053382944168868	-0.014923206590153133	-0.05096181052614009	0.0546620636000339	0.05052909479570314	-0.008052989615751283	-0.009438195545206349	0.02123862939269452	0.03284401497595181	-0.02392252102013999	-0.007092358563293041	-0.02399521787082706	0.0005952427892854866	-0.06794430265980801	-0.008906397126684448	0.030989524915250196	-0.03257547106482222	-0.011081097688659471	0.014554539064816942	0.02819253793876994	-0.053075775858656776	-0.005972645782005316	-0.022076750329326114	0.022415683744271973	0.04252063471316236	0.037716176133153895	0.0021978091702660684	-0.02837941938715493	-0.03852670006198799	0.037825800527224236	0.0002124221283387039	0.03076607095808921	0.015188649689839828	0.011671699733008571	0.01268660957175489	0.0013226130680351236	0.004677531511734232	0.026143307466527935	0.0015192502502964845	0.03688722677164747	0.0034124663950275387	0.009023376112766513	0.00043024904000629586	0.014513263922562135	0.009035048873932297	0.005111396162597788	-0.0040601262637824575	-0.0010100318910178816	0.0027513681047839013	-0.0	0.0	0.0	0.0	0.0	0.0
MMS904	-0.05281356110085452	0.03730903881510002	-0.025628796463881887	0.045221407051275704	-0.08118107589937722	-0.02910967483628032	0.015132907438653625	-0.032801677582861184	-0.005820398200010788	0.0206476384027482	0.06209505867485586	0.04246081489402181	0.016493169661424882	-0.007045944102180523	0.04057866800520365	0.00853230056785122	-0.007797432170222686	-0.012876522491056275	-0.033417107535974586	-0.027405386398306898	-0.038189848533358994	0.012170863486933152	-0.08449774115871785	0.01332769281447147	0.005322926053568556	0.03543321139764618	0.0339368671767135	-0.02382688029997955	0.034391710400842976	0.042265831226283634	-0.039277270770886726	-0.01628538527530042	-0.01354705742504405	0.0017680589734068474	0.019377879207706568	-0.007986274958793447	0.009294209921347149	0.011309341115838634	0.00828132191952193	0.024258112837711628	0.01165330045514812	0.03604276049569914	-0.022217753873045778	0.0049161426788709986	-0.007050711139508677	-0.001062983673931756	-0.02580910571367686	-0.016718191081455884	-0.005692659746158298	-0.01891068342034719	-0.008933880919366578	0.004078212653435274	0.004615203319012616	0.010524130318760599	-0.0016236055463163758	-0.0	0.0	0.0	0.0	0.0	0.0
MMS905	-0.03622079757690139	-0.022307264783856286	0.02226417947214228	0.03390897830066124	-0.027906779450973036	-0.03744710681010957	0.040907803225573296	-0.015626607511736678	-0.031910661115148134	-0.003198343252357361	0.029235593248931786	-0.027697419684403937	0.015038644899734771	0.01452140249277891	0.033850490134017065	0.0188208360857502	-0.031295383836016426	-0.012807521577181348	-0.013934214576945426	0.036163427991177464	0.0028012717030515047	0.015324111302330877	0.015983599718127618	0.013540297853323679	0.006834712415283562	0.02800150900172756	-0.02563367101532752	-0.005008772243165729	-0.026692879627291225	0.013872713942435895	-0.04665592515434739	-0.008435206933735322	0.03059296547173239	0.005512249813560647	0.013857048964602965	0.012123783703427326	0.010355554022046584	0.010884065048685781	0.016731075232470312	-0.00906741515706633	0.018859252297961013	0.0032880150105828003	0.030804329252775865	0.023778198901267686	-0.019810610370550312	-0.049417810363821355	0.0367549029002939	0.01053404919038484	0.02134953933923058	-0.006757594734584178	-0.001126905658674038	-0.007558640102450653	-0.0029598941591854368	0.009356037714918723	0.0009298621782663855	-0.0	0.0	0.0	0.0	0.0	0.0
MMS906	0.020320760774144738	0.11265602690281361	0.005724793561383931	0.014989489475745384	-0.04843104837412027	0.03154862241943062	0.07931386585631928	0.0021640419725248773	0.020611411790270304	-0.032750635912754136	-0.020568544171882988	-0.03795112864221087	-0.017796327854748148	-0.04376303073519711	-0.054437941727592275	-0.04496988118071614	-0.05530406401091638	0.028220654540218316	0.005960678762461041	-0.012321968561722884	0.016058838598118304	0.008655143009595283	-0.07172696654616222	0.024765072090102685	0.03204236504822123	-0.0643641761785825	-0.052426584935513464	-0.03328770809378297	-0.041601427534235534	-0.026275977452743658	0.006539534066011946	-0.02502613534816135	-0.00779840683966039	0.023763297185759393	0.02075093136914117	0.015166430030396638	0.0041455356975002465	-0.001995161990759015	-0.007971747262409495	-0.00353258262572371	-0.009593739338656994	0.01692958418658269	-0.015915077821967147	0.008704286255351036	0.005544704620306679	-0.015845804207792545	-0.00224544895888625	-0.022461031725754813	-0.010499329850186246	-0.008583551692503704	0.0013438693207554126	0.0025606264857063457	0.003085633626979476	-0.00818660116398921	0.0036762257251301746	-0.0	0.0	0.0	0.0	0.0	0.0
MMS907	0.02841955659661217	0.08203694309846091	0.016899441520864998	-0.02379954446193952	-0.02081121593283003	-0.015383840499760819	0.023063483332187974	-0.006079476538247346	0.005082795198927485	-0.04240591484104714	-0.01704452971569492	-0.06251759758978888	0.008674783105784165	-0.0390214571068671	0.0008120271168281748	0.031671831034654895	0.09479032138039199	0.048482046261686534	-0.018806773426584697	0.024100563278742295	0.031178620502918197	0.014067019570241064	-0.016652991171566156	-0.00855460623673592	-0.015601630896497203	0.042612394358053564	0.008819021093871426	-0.06502746469347247	-0.012400454422920476	0.03691923033288406	0.003097345320650466	0.020879409545474216	0.03664171332199074	-0.0030861795128787344	-0.00869945205530499	0.0076019747535648816	-0.014721260480563717	-0.0029481789662280794	-0.00776463961551067	-0.010980620519813552	0.003988333452842359	0.011749626721049842	-0.0001936972453112808	-0.021089586022994787	0.01815100406271618	-0.004621479151827194	0.007644249755744642	-0.011519896351475467	0.00036031040083444243	0.0029140621585976773	0.002201772342128523	0.018538502989935382	-0.01699903768157861	0.00027318097690049814	0.0010884325713092916	-0.0	0.0	0.0	0.0	0.0	0.0
MMS919	0.0392315756519133	0.010169986331967034	0.041291903296520674	0.013503090235184851	-0.09737815063810343	0.04709119571678765	0.008773340956376722	-0.026672405446514433	0.009746215463205714	-0.01103980573452484	0.0025518085823166854	-0.004299426627237073	0.017961734562570667	-0.052710186581745554	-0.008242768109864101	0.011576202633134585	0.006389601834405072	-0.07960162413394276	-0.017524898605735445	0.0006194898123458153	-0.009584759088249014	-0.0037369889999291665	0.0028874989039019325	-0.005947775302845484	0.024094798436528585	-0.01934551534121442	0.00713338862750057	-0.0023738673307957298	0.02091116040366842	0.017080281544141068	-0.007988712733418458	0.014917135531655506	0.021165353280565076	0.004883075113970003	0.04313871553766646	-0.010364253114677821	0.0068674656731246035	-0.010047605710804729	0.04163569534928504	-0.016744535085789332	-0.01235911492824337	-0.008467246284791816	0.04431529193672268	-0.014331884432000258	0.013010429066676465	0.03931793134349469	0.022494089811559946	-0.0035816938658490643	0.010955933824266382	-0.016498269677102613	0.006184094128017901	-0.003789491401777282	-0.001454172316526261	-0.010377511869462137	-0.00048291356466380423	-0.0	0.0	0.0	0.0	0.0	0.0
MM943M	0.25802717966404665	-0.10920186383243535	-0.216098905357948	-0.04316414124713969	0.10507801939897643	-0.06717860852632047	0.052211367477017406	-0.1319333869814701	0.09320632364658515	0.1219143094797974	-0.0506734309799665	-0.012781236296072902	-0.042523750713898495	0.019804581081657193	0.03741901781589784	-0.0321421906071575	0.02410568750381644	0.014294054762738803	-0.019500566110322297	0.010938686096503714	0.010162435000294203	-0.006973152697868125	0.004360502578198504	-0.010372188729400789	0.004284837240726259	0.0025108604843220917	0.009837410905683847	-0.011073663882704058	-0.0032627651365580326	-0.008767806307438113	-0.009641957897716167	0.0032092679215262516	0.016251502261651347	-0.012830532848051766	0.011248959750564187	0.023664678126004857	0.006748911612803673	0.004350741230181447	0.002702109119328625	-0.010283188092018346	-0.01766012322609271	0.014811388051131394	0.007455662183845307	-0.010840485258545115	0.005872952642682052	0.002423779881250936	-3.6978503629630306e-05	-0.012664711368387442	-0.008564119629971273	0.013069110168200102	-0.006792733525399077	-0.004648866733170979	-0.001729574550976985	0.0027202684433688972	0.00013266615991433867	-0.0	0.0	0.0	0.0	0.0	0.0
MM941M	0.23217149900459144	-0.18002772279013882	-0.18951275132436557	-0.00440903867406667	-0.021968002560556386	0.10652624421460112	0.0146050371444908	-0.021053225372468946	-0.14236316376591535	-0.1273320477517245	-0.035338638074233646	-0.0622428769808374	-0.06600596711370507	0.0002463312869430666	0.01308750127605938	0.018252725253612715	-0.015853960185191467	-0.001522315900075299	0.027021812538202808	0.012806801367852701	-0.017718764940169957	0.040704493545214715	-0.003472440816424086	-0.007997075107074696	0.017637070600178422	0.008868844747348177	0.01597101319666627	0.014557093176246282	-0.01531311578311566	0.01654457221717262	-0.010407318828644934	-0.003992333844821258	-0.038228903545683666	0.005941090460901018	-0.006760086801707226	-0.02052778755830249	0.0008422332994271518	-0.008391589043613711	0.008634408518307046	-0.012631041127801014	-0.006556510998070376	-0.0027130311753395695	-0.007356728673028452	0.0002411481443816917	-0.003216763290088705	0.013776226598793991	-0.008756668092179027	0.004334952211603903	-0.007785279325420711	0.0009970321182052478	0.008818630419397665	-0.0005107600573945369	-0.004003846084931369	0.009610774065050327	0.0004296936876312219	-0.0	0.0	0.0	0.0	0.0	0.0
MM936M	0.19321189290553387	-0.15525506164825684	-0.21389382100164603	0.0891913902192007	-0.02260245506986414	-0.005920839349034712	0.06491611149332513	0.05854422005160557	-0.05074717146784223	0.059824423076953785	-0.014694086150409846	0.0947594250986361	0.0855493234080391	0.00498789349526116	-0.07618773423132841	-0.012316851125435247	0.0018793603190737562	-0.010489366549315206	0.014085386752668787	-0.01393897004051712	-0.03885478855280224	-0.024435722958850485	0.019982987852767923	0.032858338842659124	-0.009372903359685039	-0.0015833999481309352	0.011101209040353437	-0.006145989662892899	-0.029368411333652384	0.012049777250492156	-0.0042387995819316735	-0.01904418796520053	0.0044315016855244315	0.006197870231211873	0.0005201419066367828	-0.007331228246272484	-0.011982153070470824	-0.0035355037355722183	0.011442176765976938	0.020163718206620607	0.020999348397396398	-0.0035034748407065195	9.894542801549805e-05	0.00303361698786434	0.011850492235647516	-0.005972333638620536	0.000627570656387435	-0.003313384968270185	0.02469456453706978	0.001808333337574862	-0.001540686276349603	0.012796355322524799	-0.0006419437900676239	-0.011496565881560644	4.2913690232056076e-07	-0.0	0.0	0.0	0.0	0.0	0.0
MMS706	-0.08144418383072434	0.00874191074732692	0.017473568169020164	-0.01941375581077743	-0.04240495368104625	-0.03781125740521506	0.06657173059205501	-0.0017360533241903803	0.008557265800373035	0.02873094856452575	0.0709009759907974	-0.03602565784624278	-0.04857077589913388	0.04656015987160278	-0.03535367562153681	0.019438658881704148	-0.06845939339934552	0.04380631129911427	0.044638167231588054	-0.008911381498426671	0.05343162804135069	0.032021171434926804	0.025397814031790415	0.04011149337678719	0.027519251644625778	0.008109069790197548	0.020468957083947654	-0.02153209373290356	0.020006289448180076	-0.012049028352116672	-0.003798091650488593	-0.0429464863820249	0.024648778622499708	-0.02164419519125357	0.03294789228589526	-0.024951148975061146	-0.014065841364777048	0.005779197088900748	0.03315424892822821	0.02041385622596673	-0.0027656645790389623	-0.04098053043395294	0.010566084760401783	-0.020454242550461077	0.00975601001956178	0.009595947783616245	-0.013175803221331564	0.004556288836598048	-0.015737595747801845	0.013355298132558965	-0.007353450684808581	0.0024047210112841146	0.0004613629197181061	0.0008517071811675628	0.0003443145891260749	-0.0	0.0	0.0	0.0	0.0	0.0
MMS707	-0.12560277134531603	-0.09531095447838031	0.015724803883289527	-0.011134812882837108	-0.05910801764863751	-0.1320789251726796	0.08432131614865294	-0.04803631749783797	-0.06742596379221899	0.01624779013095496	-0.04180669010037682	-0.012935653594396301	0.03387063000535072	-0.0052942887555490715	0.052015615183243526	0.044621704277670086	-0.026245328432009597	0.06769237768502942	0.01952829579460667	-0.01778813794317327	0.024434323321703016	-0.017550585063102496	0.00803568945829522	-0.004442422369686486	0.0053715439303901125	-0.009828380023665598	0.036807703508732345	0.019659594667736046	0.0038006867363870067	0.017917688160798854	0.015083735237687636	0.02087511812589999	-0.021670235915101674	0.0027730516941685663	-0.006344016574567029	-0.00046113613065043135	-0.0217522656810222	-0.030215415980789487	-0.016923522868327965	0.040372623831895944	-0.015424125300233342	0.015184584899322555	-0.0053728037022027775	-0.009191905486515108	-0.025232923910301772	0.005478809478136717	0.024717191155929408	0.015170034326360517	-0.0015209215382901117	-0.0032021562787544807	-0.000930073200700305	-0.0037933993675623398	0.004426197445220405	-0.006865467798622497	0.002878546434951893	-0.0	0.0	0.0	0.0	0.0	0.0
MMS704	0.019747458678311246	0.011463939402939482	0.01968724439409326	-0.03893173411658178	0.010650315202822938	-0.07578286772780897	-0.020985820895271526	0.121572264804956	-0.020086084435716082	0.08154366080085114	-0.016175566592637813	0.035737902123046124	-0.03190464178690712	-0.0748953679358581	0.01506177310841435	0.06016135655601378	-0.04189102751688825	-0.0470046474432613	0.051038412578986954	0.069000984343859	0.019090691240903998	-0.04454487140137212	-0.041469646281091406	-0.03565026903538699	-0.021693609191460853	0.003411963971754988	-0.009220532277896196	-0.04294934631912481	-0.007434076554621039	0.022452492154757454	0.03280861476418	-0.014107928060400322	-0.009834945476181637	0.013321184288105338	-0.0183639294663863	-0.021061243835550882	0.010285499202289296	0.001883611372141968	0.012518233123130962	-0.016592588706908187	-0.0030310886338948684	0.014549116780542468	-0.0004663821019337126	-0.010517450800439372	0.008646328869594547	0.0071621835844312195	-0.013118034297667178	0.020203923798563398	-0.004355829109758537	-0.00037830251007192194	-0.011042357461443922	-0.007390757452836622	-0.004452040449869794	0.00030066920150584233	-9.444911556829971e-06	-0.0	0.0	0.0	0.0	0.0	0.0
MMS705	-0.0027036622116813533	-0.07904986356573974	0.0386291796851578	0.035944244076911706	0.003248179193955569	0.017255314433452396	-0.09263395222536418	0.0502684336923084	0.03829820985314922	0.058125793125288816	-0.128765753652512	-0.04655198068031151	0.005507289051874594	-0.0064129142940654894	0.0055634641679683005	0.02234469496221385	-0.08394361872039252	-0.031046775429511297	0.022972010163626957	-0.036149297683049454	-0.044720116551822106	0.03258496289090781	-0.015857071429294774	-0.01397401424673569	0.02266142584579167	-0.0005254428500607564	0.045555213845925084	0.007951464354213464	0.005899982639883797	-0.025583493595957792	-0.005032811114572383	-0.0008555375699835733	0.0039375566765233756	-0.049038321445985696	-0.017571165991147646	0.015387866641007747	0.00857698866798029	0.0018355777437269426	-0.02606638489958243	-0.007298661720330132	-0.002071035571934026	-0.012295986825080032	0.0039675611555923225	5.7218967250373336e-05	-6.251586934119791e-05	-0.002488524143087824	0.017045045550127032	-0.010702502989577952	-0.0014869192433371145	-0.01586308866396766	-0.011355949066673192	0.014477604269591212	0.002062304435997108	0.0019660905857107978	0.0002033249382412109	-0.0	0.0	0.0	0.0	0.0	0.0
MMS702	0.12664645540058148	0.07184520445446362	0.053096940178400505	-0.1415795226347318	0.037649004771804294	0.024305859571728622	0.013731016440507516	-0.01833652591031533	-0.034056826885364176	-0.04052481717734016	-0.021443131119128715	0.04390066410346442	-0.01788144569701275	0.06386028439029277	0.0007476371158433961	0.0011740151419838878	-0.009656510590282734	-0.007091418060557396	-0.04077567827397623	0.027527757277090576	0.027407259131710958	-0.03506421227663016	0.018171087869347697	0.03416761641468756	0.010297519684778336	-0.009361046229487172	-0.003972937638430942	-0.00012930548492430462	0.026008192768923993	0.04258676063521018	0.019342702589486824	-0.03742645189566194	0.016589159113363373	-0.03590683736483329	-0.017372152551257774	-0.027727763909752533	0.031826324051089955	5.49681635674368e-05	-0.03235855717536074	0.018330694580539965	-0.014562150779278436	0.020769623370152136	0.010606121599284311	0.02578688915340179	-0.004770365737691317	-0.00029659245234807754	0.009629910174325162	0.0012932635266276703	-0.017727085145165238	-0.016867294716271092	0.005109859694177178	0.006662418899109608	-0.006347982251409815	-0.013681470151179488	-0.0015498285037961008	-0.0	0.0	0.0	0.0	0.0	0.0
MMS703	-0.1833599305421617	-0.13131538889003375	-0.029441628148794665	-0.1395585095264229	-0.004554239932990958	0.10308050632751238	0.028672596561523777	0.02145155109655127	0.033320329031375176	0.008171810628861381	-0.008557971201436811	0.07665776450058592	0.0012436405896921261	0.023202734705705528	0.02814528611824567	0.04969619517169626	-0.0049950373221904635	0.01364505131609068	-0.02198488575501763	0.008117262130162903	0.044535708003475734	0.04152766746211828	0.020001458421161755	-0.022008622336158034	0.04102257266535886	0.02132472047782344	-0.020316520374245448	0.05566747464500527	0.007623581083938418	-0.009226884740528312	0.009665081499869407	-0.016661711702304256	0.030110960516421544	0.007049986610356239	-0.012777415998312516	0.0031459445300927426	0.0020649093376267917	0.021001050992193196	-0.006616664071189708	-0.014907695848929094	0.03177925686776923	0.006453804456426883	-0.011817662653952793	-0.01872763731529142	0.005294000219951302	0.0005628746715878351	-0.02201986481960551	-0.013432843831053885	0.019618175069367905	-0.009848693089232663	0.003033460727828157	0.008035696443076017	-1.2456414022994762e-06	-0.003479139415899656	0.001942821804034493	-0.0	0.0	0.0	0.0	0.0	0.0
MMS700	0.0952559007201933	0.026504336551552148	0.06260730596540176	0.025676746940813035	-0.13989628675326352	0.07070405053411621	-0.0024076474911801106	-0.06083940283310778	0.03732109546965618	0.023158865803241575	0.011606231800218308	-0.0034307664817809125	-0.0024762940831542144	0.027455485606332458	-0.028059085456872475	0.05114583649274788	0.03944460051774302	-0.004840842486867385	0.017767076587510727	0.03933706656731903	-0.008605527061398539	-0.05769327237086857	0.053684049300754044	-0.026872268113959263	0.01763396570654078	-0.0326217382366665	-0.0078100834804606814	-0.024687829663353603	-0.026328179622280852	0.0197244349158303	-0.023100218129986028	-0.021216063626935008	-0.027532196859333256	-0.024234495530721302	-0.038528744920155955	0.02105098943999799	-0.003114007476861419	0.03340922603224544	0.011225561462771823	0.002685151746600617	0.010543555255588602	-0.006950432740876477	-0.02455212736412086	-0.02689162525255244	-0.014285682543916595	-0.009374320508774339	-0.0023575739967852003	0.01113533844246677	-0.004967905117535856	-0.0006169757767129954	0.004922379345559098	-5.245706444630939e-05	0.012482706512716298	0.0032344059667830656	-0.0004784827080260721	-0.0	0.0	0.0	0.0	0.0	0.0
MMS701	0.1243549413594324	0.11670093849041861	0.03537731234991815	-0.1257276717677058	0.017222729308504325	-0.0338428410232339	-0.0072026328729580605	0.006515133300096112	-0.05055934581247903	0.03707711819008245	0.01948579394951367	0.007596185835944312	0.043590680724242464	-0.017981118934542784	0.004195596846353715	0.010456888598452964	-0.004660058780997791	0.016836205874541932	-0.03875896691313233	-0.03485683747185696	-0.013376506372175568	-0.01596216232184595	0.030029817033663482	-0.029466402409928805	-0.0015399936611662616	0.008755781306550092	0.0021231176304508724	0.03485816573872515	-0.0643856635759291	-0.002996712283976897	0.046941431751660836	-0.005992109903963889	-0.011672415900018102	-0.014222187436904465	0.05932582848065398	-0.028084174771679106	0.0038927535484029998	-0.001613692008207838	-0.016015018244054918	-0.009095992632634522	0.03286346193167107	0.0017826953275256153	0.005935190343815373	0.007482032324700644	0.030265918324744002	-0.0034824580622707787	0.003096841766639133	-0.0007947621041348874	-0.015641243095722627	-0.0013540670965677822	0.0028110571666556715	-0.006585071785441858	0.008461861002733048	0.015314549374145569	0.00030260513810957934	-0.0	0.0	0.0	0.0	0.0	0.0
MMS708	0.12899134960496741	0.051660417915377434	0.05293292632929358	-0.057898030191606255	-0.03554120771175158	-0.06216549042085738	0.128320230326861	0.15296610131871297	0.03505870299887709	-0.0419180278670714	-0.0867315202104841	-0.033936574847623614	-0.03293368408698644	0.026985932488903974	-0.033606298728948526	0.07218280480340723	0.037581023567482386	-0.0013518508066248185	-0.025201360763908456	-0.01459790528181075	-0.020202776123441693	-0.0014728124378123248	-0.01599471891109209	-0.004456749894129105	0.018067015640242344	0.03486965233316579	-0.023605990293520594	0.021353063685039027	0.0015656744857789472	-0.034220097804902275	-0.026187580714273132	0.021398540564789643	0.012325649204404147	-0.01123164057086166	-0.00525658797284911	0.010256374255325298	0.007681767231506742	-0.0013493097230714833	0.013638844702868884	0.0003761792204690774	-0.010745089481671431	-0.0010018544812612654	0.010277656559164038	0.015441734259239065	-0.01566170953248482	0.00044669120682436334	-0.02005549113697662	-0.0028783981748522723	0.0027624896948827515	0.0036781592565470526	-0.005256957964208198	-0.013276134685890204	0.004536540527767955	0.0009428203404264323	-0.0001510258677708325	-0.0	0.0	0.0	0.0	0.0	0.0
MMS709	0.06588650716311643	0.011142768383227003	0.05631576329130155	0.10841792289277753	0.008108878011620442	0.0686621006817411	0.02839047769248988	0.015689156014811297	0.046679107504825144	0.042065976415320054	0.0022558475853975348	0.023361110304315393	0.04092633315862438	-0.02185080374625559	-0.03961820685503533	0.04543620635840153	-0.02967869112884845	0.039225845499974155	-0.009751169411400648	-0.017659938108154697	0.038401237499167226	-0.05436948362560658	0.02665056523195466	-0.012463994715058626	-0.0006019665611671335	0.008519205969280484	-0.024013305193945674	0.02239158654792468	0.018265420273936947	0.007095332045092137	-0.0025523559663521546	0.04683736275070485	-0.017623201822172516	0.0019399959114503856	0.012270321883346058	0.029099935906299754	-0.01708241281453442	-0.03717292932824086	0.012711429846263136	-0.00940925674474101	-0.005967870523780596	-0.006539615741084299	-0.007052756743801308	0.02621506524224345	-0.0006760782159723122	-0.0029076378152341808	-0.011445012189716938	0.0010620708449451512	-0.021358449077183445	-0.0072708611137805215	0.018408896177420683	0.010381922287787254	-0.005824649816688488	0.0037874878122557357	-0.0004553027049755872	-0.0	0.0	0.0	0.0	0.0	0.0
MMS917	0.05861819889102709	-0.3297782561600005	0.14500755898265497	0.1922339904123257	0.10024605325556962	-0.00019114838768661342	-0.006043756263873406	0.07899156841633566	-0.005739584866734685	5.200759981735056e-05	0.05712086154586786	0.05450852217539774	-0.07422372046048559	0.0073595845682709275	0.01942667164759221	-0.033468989120256996	0.017954610525916976	-0.004099512556883703	-0.004871802311496703	-0.013502571748339128	0.03634478382785924	-0.011200737419944724	0.01280656719315274	0.004386752271752747	0.0033245517411845163	0.009551625252266016	0.008023313934535046	0.008761316082854298	0.013299404116590195	0.016329391799206915	0.012458999978120213	-0.012180837893061498	0.00944036866533705	0.0035434305725506646	0.0069419152282240906	0.009446548311648961	0.0016367931144620931	-0.0014837768405689573	0.0034191921152404037	-0.007349253677350211	-0.010350948261669754	0.010674183385582783	0.009775667449572187	0.006443574249202104	-0.009371290698586247	-0.005564110067810311	-0.006209828561221962	-0.010906593455528461	-0.014589366774037174	-0.00428863228032563	0.0023140332746816213	-0.006221297690869084	-0.003953147507983191	0.0039277068686768704	0.0012822263403995614	-0.0	0.0	0.0	0.0	0.0	0.0
MMS939	-0.03723397510847548	0.09467844942706355	-0.05638326768544312	0.06587667599628204	0.04875195470724265	0.030665490387821074	0.04414171041815162	-0.006391732796834105	0.008566457767205932	0.00454453219761325	-0.0034499131277800845	0.00018488617072639907	0.054144876177932406	0.03031185015685951	0.032080773656918124	0.02140666913664961	0.00815041271666662	-0.03217401847606981	0.028861979168504626	0.041886323315008335	-0.0036738797074662285	0.01705731239381335	0.030973585623590105	0.08966472316216625	0.029752846475806945	0.020905658227809654	-0.04449880371776999	-0.022109723312835276	0.046252542045535784	-0.007533768308538223	0.018184973378728177	0.048169728910599466	-0.02200760482603552	-0.008116181447147859	0.0019022061029533674	-0.024733338160293595	0.01099512689044482	-0.0020655899341117	-0.020125977922444298	-0.007081888787874843	-0.028261797503948353	0.007722534657225706	-0.01502527853350137	0.015705413176592273	0.02473210881344244	0.0009631391415968754	-0.005580919954513643	0.005628969778491165	0.016422516729902033	0.010670738876250334	-0.00659036221096924	-0.0035774854117555663	0.011225546164125183	0.0044510362292476055	-0.00017920015677118178	-0.0	0.0	0.0	0.0	0.0	0.0
MMS938	-0.128114985253167	0.02594819527762497	-0.02271907221009373	-0.008007654249436554	-0.00996466013423361	0.025527977700349973	-0.019255634980330154	0.010617056280164898	-0.0194654323187697	-0.05122789279360842	-0.04512594554729983	-0.009402142851077565	0.0343651437569713	-0.03079424012113725	0.03631092506947543	-0.029747387251981873	-0.037655105145450875	-0.0912663378040181	-0.07093178946870975	-0.017225380376528383	0.03169535538270919	-0.023309420301941396	0.058852238222370706	0.04114973168765521	-0.004798626757103374	-0.0018971338072240518	0.001111956375463726	0.015326822219708106	-0.036917507114276035	-0.0034045682317849655	-0.016692556446805694	0.015679495884003945	0.00734037550242327	0.02685146146150592	-0.017614184617759644	0.026927561759854297	-0.010929458181229737	-0.010168157661082478	0.006276532662671118	0.03661717797259345	-0.015582369770880657	0.017462412964582317	0.01335923789146348	-0.03843078143239695	0.012588342637747704	-0.007272409174206783	-0.019597684870044978	0.001261902576359288	-0.02033695804291763	0.006714351731913783	-0.01257767468539936	0.002432315465045882	-0.0018962062489841925	0.005392743622494978	0.000390537287679374	-0.0	0.0	0.0	0.0	0.0	0.0
MMS916	-0.02874057515211247	0.04002794500228294	0.03023207338963678	0.0378927203939705	0.020305424635511535	0.015069247946595588	-0.05675173279113225	-0.02190949796627741	0.014422370384839388	-0.034445633066226104	-0.036896718543866745	-0.05389675646274887	0.04113868139985308	0.006590669079962652	0.027865884693417404	0.039627474692947535	-0.016164690685960777	0.05897530649838957	-0.004348476478337551	0.02633289825887107	-0.028878895501931214	-0.03176058492964408	0.017197876014092665	0.0005831633843994569	-0.03601997208854195	0.009184033242489632	0.038454863432341835	0.012737384123389964	0.007274586422929097	-0.026026028606138594	0.04563533175143072	-0.0043553323698666884	-0.001228705729296348	0.015697160423621914	0.003896324233359013	0.0013817378726494313	0.01669599559132242	0.0378256512367684	0.05671378303127601	0.0392808872119035	-0.008386623042845836	-0.0007627193372508531	-0.01104135023305636	0.020749944258172445	0.008224214396214019	0.002623149019847108	-0.0031522312509990854	-0.03328422269538918	0.009685578346026675	-8.184632436187009e-05	0.0036407639122498395	-0.005151994197321111	-0.00880898679003927	-0.0014465342579811974	-0.0025865834675116695	-0.0	0.0	0.0	0.0	0.0	0.0
MMS931	-0.061641193148294214	0.059993571200954506	-0.1117298411093636	0.016696343878173016	-0.039853223052010917	-0.02087353988406876	-0.08695610335815004	-0.014068267251641878	-0.007478137499260275	0.0038997413530577917	0.03902902529217603	0.03962949446425072	-0.09005125035722232	0.028607026764434985	0.013971219192502295	0.04199983516762319	0.01497894663019672	0.03483124389270162	0.01131423726170989	0.014522893358439709	-0.03735532475081648	-0.023781936676522508	0.01650785242216738	0.018396691244748388	-0.007388667703200319	-0.006027170851875262	-0.028693886751193148	-0.0037373056204937764	0.026404143007845986	-0.04318439482496732	-0.015017080438482554	0.0009289917736864619	0.00991317321268684	0.01524101078241806	-0.027610213661697223	0.0032593575437034577	-0.014540049732414276	-0.03823308199332563	0.0016172896924831004	-0.00045691903955317613	0.007060932276047124	-0.006648619546882541	-0.0010328900240547522	0.0033129742467202235	0.03921949926027434	0.0038888834034650926	0.022518120076597797	-0.005382631935593037	-0.008395835701725782	-0.0283571534867805	-0.005169182126664058	0.002308321728279184	-0.0013895889136058821	0.008598726136234811	0.0033724195513282935	-0.0	0.0	0.0	0.0	0.0	0.0
MMS915	-0.058306445245211155	-0.07663851909138435	0.017924040995208692	-0.01799852010873491	-0.07984623000964661	-0.022422877052195266	-0.16331800368179195	0.005134329890560631	0.05640293545456013	0.03231903377790868	-0.08012387885466006	-0.02632375266682345	-0.012811093559031173	0.002543342875359077	-0.012033276708221763	-0.0018424041610180571	0.046454349481509234	0.01166660948007046	0.031738909984560346	-0.024700134859271396	0.007732568166430775	0.024844337906809844	0.03603633449923682	0.02287717767042677	-0.03569177314024004	0.024851431909671328	-0.04031090188905213	-0.01056898594029267	-0.021646160227667275	0.011506585554945584	-0.015340937272233051	-0.03486408762175396	0.007437896260018205	0.019995090679848095	0.04274607099270418	-0.029242131005794068	-0.010178329353475532	-0.026547675274914997	-0.012355876739861396	0.01255054619367993	-0.00839445486315706	0.02318141634563954	-0.005710433745220671	0.010812594146740248	-0.022258967033237296	0.014839231211835231	-0.017743417007180597	0.00624218949455814	0.017950933375822837	0.004149535697375965	0.011428468000715746	-0.0002280125261160098	0.0007661404874468292	-7.261496731380671e-05	0.002069623835707302	-0.0	0.0	0.0	0.0	0.0	0.0
MMS932	-0.06497580761587059	0.09647296886345423	-0.07135074665024886	0.07500100914218702	0.009764844949158125	-0.0163120891947549	-0.04649492439265811	0.04768441223887909	-0.0029407752113230026	-0.016775854396088665	0.03130706478068523	-0.0054703627608656295	-0.07871812758377401	0.0279689357652404	-0.012412447294140658	-0.01938764872952292	-0.014582065760357515	-0.020783188043876622	0.007594600115998635	0.01827753333552255	0.005126619883617493	-0.020907197320941484	0.012124830126187586	-0.03932579544937447	0.04360420846769789	-0.02192602837429098	0.018245726582024398	-0.023867308353433973	-0.024846872658876317	-0.015685925232335064	0.009367021981087683	0.035091020812094045	-0.0010944093392134696	-0.0403452109602226	0.025286286103760863	-0.011794943292071135	-0.05606650132994748	0.03468133140118189	-0.034276496825599	0.028061769229598788	-0.016449151859676426	0.02047879103127819	0.018847081299189865	-0.001359841011848778	0.0023706633200000645	-0.01154924506750705	-0.010967931847183535	-0.0035771423745027254	0.022500403324003947	-0.00555352428974209	0.015027274150602898	-0.0004131520045376961	-0.004380528687791299	0.001130607061028017	-0.0020985555400237703	-0.0	0.0	0.0	0.0	0.0	0.0
MMS918	0.24457970114983513	-0.21701042341272864	0.16187332339047783	0.00044183283386587497	-0.20403635835051132	0.07362281125545965	-0.042980357066086966	-0.05282919356060256	0.038009605944212536	0.021133671988100216	0.03380257789494213	-0.04189245403960055	0.005402176206080215	-0.01577217203375288	0.02822590639230143	-0.03483947707815678	0.005205373544022914	-0.0040931374183507735	-0.010728771306212512	0.0038327079969060927	0.01921383319699512	-0.01268340161257452	-0.01954547048484374	0.009256316257231409	-0.0034701166176389926	0.008460041961135473	-0.014076536185442577	0.006232677922558998	0.016629114760708785	-0.03347571519306838	0.023492758367914035	0.01669791018577459	0.010518722614624967	0.009080683490306626	0.004546637805604223	-0.01646615389225826	0.015244772855267538	0.018045942786003247	-0.023568895837355573	0.010752036455995066	-0.008236407254836436	-0.0009160681335052721	-0.0016572149487706772	0.005877180432462001	0.009462969107458138	-0.008306875784158375	0.004455913102850951	0.01243316929220053	-0.0006897639918216519	0.005600768832750447	-0.0104531120766236	0.0024936481045074003	0.00354647982490219	0.0004258592877506262	-0.0005631452829681677	-0.0	0.0	0.0	0.0	0.0	0.0
MMS914	-0.028620276746391612	-0.001469242205637752	0.05256470845340348	-0.014226582560510802	0.07588897099356887	0.013999237106477559	-0.0936847806053747	0.009817020047844197	-0.08529259515663783	0.05186220513075618	0.021655418697541486	-0.07990921967842175	0.08679503432743141	0.02956309828215315	-0.07889538529818794	0.009816165651290114	0.04419235096238927	-0.038800266392618854	0.02184292593853982	-0.027267418373551223	0.02101790493999387	-0.011985170182224043	-0.014852690959340052	0.025568631073141567	0.03113350609974851	-0.015420981509565269	0.03309978430255899	0.008829241607342015	0.02279743389752383	-0.01585014887963626	-0.03248378165344495	-0.00674442620204925	0.01618103346129991	-0.017277583287854868	-0.021695900873042667	-0.015747916099780178	-0.005163328450608555	0.010358311653169977	0.012206076111849032	-0.016331951675959754	0.010187690930817707	0.025910102360226644	-0.017931218251318774	0.001926340326583015	0.007242962878192888	-0.009352201687475558	0.0038431600818472147	-0.004379096288223438	-0.01514268219733937	0.010859680517339522	0.003656768212557276	-0.015099322144148157	-0.008513241272582048	-0.0017389205690568246	0.0039528311296264185	-0.0	0.0	0.0	0.0	0.0	0.0
MM9362CU	0.001497575564439213	0.07828966199756107	-0.10936548301225646	-0.00392349500238769	-0.026588716157916453	0.017634050499847266	-0.12426007291230892	0.01744276633576164	-0.09665430594743449	0.022942163724013913	0.03859542299811045	0.045056798585819895	-0.05705493528609961	-0.02304924721106764	-0.0025627922227604624	0.04688771377282168	-0.0039884643596949645	0.04325965058569281	-0.03416507052853194	-0.02265300783215475	-0.03915498619909089	-0.021857899073682605	-0.01494962547759138	0.011633046815407425	0.029911005544564613	0.008151166545016297	-0.029960425328952902	0.006799640924024303	0.015038597030072863	-0.03236740042418249	-0.0016951694935732012	0.014156056294996786	0.017085053416154967	0.017940294323107852	0.023190926909126608	0.025516130650997827	0.03470604602907204	-0.001143859348468936	-0.011553354265666145	0.0005919754378935084	-0.002923226695218229	-0.0017201764849143469	0.0014337435923385358	-0.021648863907820084	-0.024832387418490913	-0.01277459314749162	0.005124897364632229	0.003148992229316285	-0.008347097236850573	0.027225695607537178	-0.0026884452668319305	-0.0027723933195487774	-0.0028676371877941827	-0.012507932680560373	-0.0033317043312100073	-0.0	0.0	0.0	0.0	0.0	0.0
MMS913	-0.004280697413393164	0.041524074559680255	-0.024523910391596612	0.06804169206351533	2.1063313476096557e-06	0.0410820977812214	-0.0005590973461064594	-0.01903900227201726	-0.014454911403143887	0.023668214000633393	0.04808580953598149	-0.046661504723293355	0.039252980986778825	0.05362318059345531	0.014798073898518454	0.01415326831259913	0.016815323342283767	0.010525672915980161	0.02619298857128141	-0.010425078233066326	-0.005968920944733408	0.019175899036356706	-0.03526440242039453	0.011611642467564819	-0.02837820904222802	0.027078250029480954	-0.010029675932411277	0.03386241534969609	-0.045982050927506644	0.012629482147968567	0.03732493069840213	0.011090729073118068	0.03197670341057523	0.0047554095300812215	-0.021322047789413184	-0.020159502509128846	-0.04590250780807874	-0.018479999560905645	-0.002139966194350674	-0.04064077516891076	-0.019024047149002306	0.0017050783230432704	0.007708515491304364	-0.02261785655253834	-0.01730750672739079	-0.006925006029163948	-0.00477968715911411	-0.014114632220110663	-0.0118439473717891	-0.018674341496136736	-0.008635938006636684	-0.006086997613568945	0.01195663363686548	-0.009325770313889398	-0.004765352856808311	-0.0	0.0	0.0	0.0	0.0	0.0
MMS890	-0.05157442776390044	0.11892300044708663	-0.06971362593722774	0.08444149476728376	0.012606230536299579	0.011137736260596977	-0.0018175453480741757	0.003937663165734314	-0.005333514877284761	-0.016790524394360802	-0.0011771602167008136	-0.028834468339905907	0.011829432545819406	-0.023401618049492187	-0.003116566214928136	-0.022078189660499535	-0.026370953390851083	0.0018269739988274075	-0.018741408093757846	0.0212826241824823	0.009002856672435498	0.003463138472667419	0.03121515805386995	0.019126022557593263	-0.02445514911341322	-0.01840784102394296	0.024850507678032565	-0.027426578749286074	-0.007419914367403189	-0.0017910004877560943	-0.0003977674936756244	0.005239036972385618	0.053852969250743114	-0.037263075106575075	0.012164157582395304	0.00621754295849167	0.029242633819040614	-0.02513717007518907	-0.005838607405188187	-0.022019714384890417	0.029595308607266148	-0.009176319606203107	-0.020615195883984586	0.01571974924893537	-0.03335552616228012	0.01961586801481733	-0.013266578308500566	0.020441648145834292	-0.006471443710726397	-0.00022836386278052463	-0.0027125713281350022	0.012467063035930767	0.0002217762649008663	0.00657078696568429	-0.002250084186959121	-0.0	0.0	0.0	0.0	0.0	0.0
MMS891	-0.034191533600799275	0.0685237191823855	-0.03295501024567355	0.047276386962201634	0.009658102243633046	0.01804723691062909	-0.02586260802537609	-0.00030707999618963326	0.009182874561323221	-0.002856079665173931	-0.016638072807179816	-0.014224917981273427	0.014382271714804072	0.027018063194527615	0.10967214787302314	-0.0029091621968357117	0.04123715939331513	-0.018316441770558363	-0.021455024679968713	-0.01863663752060777	0.04663262048782682	-0.036633870225560354	-0.03262492586144822	0.028523274644269906	0.033253986607319284	0.025147306003201246	0.04840627404498503	-0.03578447625492442	-0.028376194926163972	-0.028184384752073667	0.019293201857607675	-0.04856757648058384	-0.04779719079651776	0.007418452779641828	-4.8504425988382435e-05	0.02481812083705251	0.005903399841225859	-0.018576991352487967	-0.006080152630994396	-0.021151124082037707	0.013793463665324843	-0.043784888417424506	0.009010432914495018	0.012600430392549248	0.0043591126090843195	-0.008581847779386299	-0.014597498134775413	0.011358998870466212	0.01251948005376764	-0.004472154050272813	0.007254657471004765	-0.006403358289941932	-0.0020949110782881837	-0.009484193556200577	0.0010175517685932442	-0.0	0.0	0.0	0.0	0.0	0.0
MMS924	0.10372643375032815	0.1276377320848035	0.12699191300391133	-0.12139696210038858	0.043648472719011705	0.028719652195743666	-0.02895238598567061	-0.001285236310154444	-0.022413682955245713	0.04520238956846307	-0.029515201273367493	0.03869507968049532	-0.047618408271183015	0.005536639391462235	0.03570213787455443	-0.05724312004780953	-0.006037137605379064	0.02225220775481226	-0.018325672314148098	-0.05706999698061557	0.01442954817568683	-0.01750135581761023	0.005982331086270232	0.013215669662031745	0.02802314880138111	-0.03092024905020112	-0.013899149908536353	-0.009394750684167707	-0.00917151234069173	0.035477648814750365	-0.054073502790707405	0.013810749597713737	-0.007815523562917327	0.000766634740291989	-0.018740696621533482	-0.013285566826440625	-0.031041564875900686	-0.018675425889128437	0.030544113507922386	-0.00332293218322786	-0.005303440491334297	-0.016994435164256066	-0.024627962442484365	0.006569532329436788	-0.006596062497959983	0.012379897547752027	0.005622606980499195	-0.010244741148839075	0.02261999396152139	-0.002455487621609133	-0.008423509811842754	-0.008838918647110285	-0.002713715638005341	0.0030488146006421696	-0.0032308574933109274	-0.0	0.0	0.0	0.0	0.0	0.0
MMS912	0.051442249645627006	0.058958681480903004	-0.0011286040584786371	0.0007005694451454844	-0.016569031521563422	0.027322662321521272	0.0024081622707484538	0.012455198642060652	-0.02674381632960189	0.07649578938108846	0.008236501427462585	-0.010144101468941107	0.03490214411282728	-0.007363792743668728	0.011237069545895704	-0.016377973361524988	0.0070138159729790745	-0.006133301320249576	0.03323039905837785	0.08142568622540639	0.01744214039073241	0.053256083890786884	-0.025316528024491695	-0.003405306476887368	-0.009279847704382822	-0.06186156627872967	-0.011626020284055382	0.022490590110988518	-0.0008516562175010207	0.010547832699446393	0.003928778690598488	-0.0023127162751275573	0.02172224427508459	0.023793933297209493	-0.03240958708156684	0.013127804904719547	0.014422810401354312	-0.026560242726774198	-0.029803874905613745	0.044672509680422585	0.015186400711802255	-0.028029234556118107	0.02243428391615555	0.004792386424308124	-0.009388538310994152	0.0061936433987232874	-0.011582421204120025	-0.024136876211203976	0.0028424654870512767	0.0032702431487536578	0.01076561764127324	-0.012670139442294961	-0.004993455835696327	0.009714518773675825	-0.0011891104743822043	-0.0	0.0	0.0	0.0	0.0	0.0

Biplot	0	0

Site constraints	0	0
